smiles,origin,molecular_morgan|ref_0,molecular_morgan|ref_1,MACCSkeys|ref_0,MACCSkeys|ref_1,2D_pharmacophore|ref_0,2D_pharmacophore|ref_1,3D_pharmacophore_generated_conformers|ref_0,3D_pharmacophore_generated_conformers|ref_1,3D_shape_generated_conformers|ref_0,3D_shape_generated_conformers|ref_1,chemogenomics|ref_0,chemogenomics|ref_1
NC(=O)c1cccc2c1C(=O)N(C1CC[NH2+]CC1)C2,ref_0,,64.0,,68.5,,289.0,,91.0,,238.5,,39.5
NC(=O)c1cc(F)cc2[nH]c(-c3cc4c(o3)C[NH2+]CC4)nc12,ref_1,477.0,,206.5,,425.0,,227.0,,312.0,,12.0,
CC(=O)Sc1ccccc1C(=O)N1CC[C@H]2C[C@]21C(N)=O,decoy,464.0,485.5,266.0,353.0,341.0,402.0,131.0,263.5,463.5,472.0,386.0,288.0
Nc1ccc(S(=O)(=O)N2CCC3(CCNCC3)C2)cc1,decoy,464.0,343.0,364.5,420.5,146.0,328.0,13.0,470.0,370.5,339.0,305.0,237.0
CC(C)CN1C(=O)N[C@](C)(c2cccc(C(N)=O)c2)C1=O,decoy,464.0,343.0,422.5,444.0,344.0,468.0,311.5,243.0,303.0,186.0,403.0,395.5
CC(=O)Nc1cc(C(=O)N2CCCC[C@@H]2CN)ccc1F,decoy,455.5,198.0,184.5,218.5,124.0,160.0,255.0,274.5,336.0,262.5,395.0,415.0
CN(C)C(=O)c1ccc(=O)n(Cc2cccc(C(N)=O)c2)c1,decoy,455.5,296.5,366.0,435.0,376.0,391.0,49.0,56.0,482.0,440.0,411.5,418.0
C[C@H]1CN(S(=O)(=O)c2cccc(F)c2C(=O)O)CCN1,decoy,455.5,74.0,463.0,418.5,377.0,378.0,7.0,464.0,17.0,377.5,291.0,336.0
C[C@@H]1NCCN(C(=O)c2ccc([N+](=O)[O-])cc2F)[C@H]1C,decoy,455.5,157.5,405.5,396.0,77.0,123.0,332.0,135.0,452.5,248.0,153.0,310.0
Cc1nc(C2CC2)ccc1C(=O)N1CCC(O)(CN)CC1,decoy,455.5,296.5,134.5,156.0,52.0,181.0,367.5,300.0,370.5,325.0,315.0,274.0
CO[C@@H]1CCN(C(=O)c2cccc(CO)c2)[C@@H](CN)C1,decoy,455.5,495.0,321.0,352.0,73.0,200.0,73.0,128.0,459.5,387.0,493.0,479.0
O=C(c1ccc(Cl)c([N+](=O)[O-])c1)N1CC2(CCNC2)C1,decoy,455.5,157.5,322.0,365.0,7.0,274.0,301.5,396.0,326.5,208.0,221.0,230.0
COc1cccc(C(=O)N2C[C@@H]3CNC[C@@H]3C2)c1[N+](=O)[O-],decoy,455.5,460.0,360.0,426.5,11.0,182.0,393.0,484.0,417.5,442.0,311.0,133.5
NC(=O)NC1CCN(C(=O)[C@H]2CCCc3ccccc32)CC1,decoy,455.5,296.5,26.0,198.5,277.0,457.0,160.0,436.0,368.5,112.5,339.0,151.0
N#Cc1ccc(N2CCC([C@H]3CCNC3)CC2)nc1N,decoy,455.5,382.0,107.5,213.0,371.0,87.0,259.0,125.0,436.5,76.0,262.0,165.0
C[C@H]1CCCN(/C(N)=N/Cc2cccc(C(N)=O)c2)C1,decoy,455.5,198.0,356.0,392.0,273.0,339.0,222.5,42.0,345.0,259.5,359.0,263.5
NC(=O)c1ccc(C(=O)N2CCC[C@H]2c2ncccn2)cc1,decoy,455.5,157.5,158.5,163.0,151.0,207.0,248.0,356.0,447.0,245.0,372.0,338.0
NC(=O)c1ccc(N[C@H]2c3ccccc3C[C@H]2O)nc1,decoy,455.5,74.0,413.5,213.0,419.0,73.0,178.0,71.0,21.0,94.5,342.0,402.5
Cc1cc(=NC(=O)N2CCNC[C@@H]2C(C)C)[nH]nc1C,decoy,455.5,157.5,354.5,316.5,347.0,66.0,470.0,192.5,117.5,17.5,219.0,427.0
Cc1ccc(S(N)(=O)=O)c(C(=O)N2CC[C@@H]2C)c1,decoy,448.0,434.5,486.5,494.5,467.0,494.0,100.5,184.0,415.5,485.0,405.0,421.0
CNC(=O)c1ccc(Nc2ccc(F)cc2C(N)=O)cn1,decoy,484.0,33.0,482.0,288.5,443.0,12.0,26.0,74.0,455.0,16.0,70.0,435.0
NS(=O)(=O)c1cccnc1-c1cccc2c1CCNC2,decoy,467.0,33.0,377.5,314.5,234.0,118.0,330.5,262.0,312.0,482.0,27.0,127.0
NS(=O)(=O)c1ccc(-c2cnc3c(c2)CNCC3)cc1,decoy,472.0,33.0,390.0,326.5,294.0,262.0,162.0,68.5,375.0,76.0,23.0,303.5
C[C@H]1NCC[C@@H]1C(=O)N1CCc2ccc([N+](=O)[O-])cc21,decoy,442.5,425.5,283.0,396.0,105.0,208.0,134.0,298.0,11.0,245.0,157.0,170.5
COc1cccc2c1CN(C(=O)[C@@H]1CC[C@H](C(N)=O)O1)CC2,decoy,442.5,425.5,176.0,195.0,366.0,407.0,315.0,251.0,223.0,124.5,348.0,71.0
NCc1ncc(C(=O)N2CCc3ccccc3[C@@H]2CO)cn1,decoy,442.5,244.5,158.5,36.5,170.0,103.0,280.0,122.0,239.5,273.0,438.0,465.0
O=C(O)c1cc(C(=O)N2CCCC[C@@]23CCCNC3)ccn1,decoy,442.5,94.5,195.0,234.5,267.0,353.0,347.0,302.5,71.0,241.5,321.5,415.0
NC(=O)c1cc(N[C@H]2COCCC23CNC3)ncc1Cl,decoy,442.5,44.5,346.5,26.0,394.0,111.0,411.0,350.0,236.5,134.0,60.0,206.5
NCCC1CCN(C(=O)c2ccc3c(c2)CCC(=O)N3)CC1,decoy,442.5,350.0,7.0,171.0,201.0,394.0,108.0,267.0,306.5,321.0,222.0,104.0
Cn1ncc(C(N)=O)c1Nc1cccc2c1OCC2,decoy,442.5,134.5,420.5,190.5,460.0,104.0,479.0,465.0,32.5,341.0,49.0,86.5
C[C@@H]1[C@@H](Cc2ccccc2)CCN1c1nnc(C(N)=O)n1C,decoy,442.5,350.0,398.0,308.0,452.0,280.0,362.5,227.0,326.5,85.0,367.0,339.0
Cc1cc(C(=O)N2CCC(CN)CC2)c2cnn(C)c2n1,decoy,442.5,244.5,219.5,124.5,320.0,169.0,475.0,103.0,200.5,380.0,227.5,335.0
Cn1c(C(N)=O)nnc1N1CCc2cccc(Cl)c2C1,decoy,442.5,134.5,288.5,58.0,475.0,119.0,420.0,117.0,142.0,12.5,68.0,70.0
Nc1ncc(CN2C(=O)c3ccccc3C2=O)s1,decoy,435.5,279.5,281.0,403.0,182.0,143.0,133.0,427.5,336.0,329.0,418.0,462.0
NC(=O)c1cc(-c2cc(Cl)cc3[nH]ncc23)ncn1,decoy,498.0,30.5,475.0,176.0,455.0,72.0,319.5,339.0,219.5,166.0,74.0,461.0
CNS(=O)(=O)c1ccccc1-c1cccc(C(N)=O)c1C,decoy,435.5,187.0,497.0,496.0,466.0,462.0,173.5,456.5,321.0,448.0,240.5,298.0
C[C@H]1C[C@@H](N)CN1C(=O)c1ccc(CS(C)(=O)=O)cc1,decoy,435.5,378.5,435.0,467.0,84.0,363.0,104.5,170.0,456.5,103.0,492.0,495.0
NS(=O)(=O)C1CCN(C(=O)c2ccccc2F)CC1,decoy,435.5,131.5,427.5,406.5,391.0,437.0,46.0,442.0,287.0,356.5,187.0,84.0
Cc1cc(-c2ccc(C(=O)O)nc2)nc2c1CNCC2,decoy,489.0,30.5,306.5,93.5,458.0,388.0,319.5,14.0,105.5,25.0,20.0,375.0
O=C(c1cc(-c2nn[nH]n2)c[nH]1)N1CCc2ccccc2C1,decoy,432.5,206.5,180.0,45.5,479.0,344.0,465.0,400.0,186.5,22.0,63.0,196.5
O=C(O)[C@H]1c2ccccc2CCN1C(=O)[C@@H]1CNCCOC1,decoy,432.5,303.5,141.0,169.0,281.0,381.0,176.0,48.0,287.0,122.5,247.0,198.0
CNS(=O)(=O)c1cccc(C(=O)N2CC(C)(OC)C2)c1,decoy,429.0,498.0,495.0,497.0,289.0,442.0,329.0,365.0,377.5,383.0,491.0,492.0
NS(=O)(=O)[C@@H]1CCN(C(=O)c2ccc3c(c2)CCC3)C1,decoy,429.0,425.5,390.0,420.5,289.0,447.0,121.0,213.5,139.0,254.0,306.0,299.0
C[C@@H]1CCN(C(=O)[C@H]2CCCNCC2)[C@@H](C(N)=O)C1,decoy,429.0,425.5,173.5,293.0,449.0,477.0,32.0,21.0,184.5,234.0,336.0,142.0
CC(C)CN1CC(=O)N[C@@H]1c1cccc(C(N)=O)c1,decoy,429.0,332.5,285.5,299.0,191.0,304.0,321.0,79.0,262.0,466.0,378.0,248.0
C[C@@]1(C(=O)O)CCCN1C(=O)c1cccc(O)c1O,decoy,429.0,425.5,431.0,465.0,494.0,466.0,136.0,146.0,256.5,418.0,381.0,355.0
N#Cc1cc(Cl)cc(-c2nccnc2C(N)=O)c1,decoy,487.0,29.0,485.0,268.0,298.0,264.0,344.0,312.0,262.0,488.5,259.0,488.0
Nc1ccc(C2CCN(C(=O)C3(O)CCNCC3)CC2)cc1,decoy,421.0,454.0,152.0,225.5,164.0,345.0,130.0,41.0,397.5,221.5,201.0,63.0
NC(=O)c1ccc(C(=O)N2CCC(n3cccn3)CC2)cc1,decoy,421.0,288.0,60.5,213.0,184.0,369.0,253.5,294.0,476.0,238.5,341.0,160.0
CC(=O)Nc1ccc(C)c(C(=O)N2CC3CC2(CN)C3)c1,decoy,421.0,454.0,204.0,382.0,67.0,203.0,381.0,434.5,326.5,458.5,439.0,450.0
Cn1ncc(C(=O)N2c3ccccc3C[C@H]2CO)c1N,decoy,421.0,454.0,403.0,320.0,336.0,116.0,419.0,245.5,13.0,336.0,379.5,385.5
Nc1cc(-c2ccc(S(=O)(=O)[C@H]3CCNC3)cc2)ccn1,decoy,421.0,288.0,435.0,329.0,409.0,382.0,353.0,368.0,461.0,208.0,168.5,242.0
Nc1cnc(C(=O)N2CCNCCC23CCC3)cn1,decoy,421.0,288.0,209.5,116.5,275.0,133.0,237.5,16.0,69.0,416.5,256.0,285.0
CN1Cc2c(N[C@H]3SC(=O)NC3=O)cccc2C1=O,decoy,421.0,454.0,361.5,436.0,234.0,154.0,301.5,224.0,60.0,230.0,321.5,255.0
NC(=O)c1cccc(Nc2ccc3c(c2)CCNC3=O)c1,decoy,421.0,148.0,124.0,238.0,360.0,222.0,337.0,10.0,386.0,10.0,10.0,67.0
C[C@@H]1CN(C(=O)c2cccc(N3CCNC3=O)c2)C[C@H]1N,decoy,421.0,493.0,49.0,302.0,104.0,224.0,90.5,218.5,348.5,321.0,250.0,129.5
Cc1[nH]ncc1C(=O)N1C[C@@H](N)Cc2ccccc21,decoy,421.0,195.0,225.0,260.0,322.0,57.0,289.0,117.0,81.0,375.0,181.0,146.0
CC(C)N[C@H]1C[C@H](C)N(C(=O)c2cncc(C(N)=O)c2)C1,decoy,421.0,72.0,293.5,372.5,85.0,81.0,181.5,122.0,463.5,85.0,471.0,497.0
C[C@@]1(CN)CCCN(c2ncc(F)cc2C(N)=O)C1,decoy,471.0,28.0,269.0,121.0,364.0,76.0,226.0,133.0,63.5,254.0,34.0,313.0
O=C(O)c1cc(F)cc(-c2cc3c(nn2)CNC3)c1,decoy,497.0,27.0,395.0,52.0,497.0,398.0,147.0,6.0,51.5,24.0,9.0,410.0
NC(=O)c1cccc(C(=O)N2CCC[C@@H](n3ccnn3)C2)c1,decoy,409.0,235.0,149.0,185.0,245.0,355.0,434.5,89.0,58.0,39.0,340.0,227.0
CN(C)C(=O)c1ccnc(N[C@H]2NC(=O)c3ccccc32)c1,decoy,409.0,336.0,339.5,346.5,418.0,19.0,322.0,100.0,262.0,189.0,351.0,442.0
N#C[C@H]1CC[C@@H](N/C=C2\C(=O)NC(=O)c3ccccc32)C1,decoy,409.0,419.5,273.0,363.0,160.0,254.0,168.0,444.0,73.0,11.0,307.0,295.0
C[C@@]1(CN)CCN(C(=O)c2cccc3[nH]ncc23)C1,decoy,409.0,123.5,276.0,285.0,91.0,217.0,401.5,78.0,120.0,37.5,145.0,161.0
CN1CCN(C(=O)c2cc(C(N)=O)c[nH]2)c2ccccc21,decoy,409.0,176.5,158.5,97.5,182.0,21.0,113.0,104.0,27.0,17.5,214.0,290.0
O=C(c1cccc([N+](=O)[O-])c1)N1CC[C@@H]2CCN[C@H]2C1,decoy,409.0,419.5,200.5,329.0,42.0,236.0,423.0,433.0,241.5,153.0,302.0,123.0
C[C@@H]1CC[C@H](C(N)=O)CN1C(=O)c1cccc2c1CCN2,decoy,409.0,176.5,9.0,133.0,108.0,289.0,374.0,228.0,53.0,175.0,93.0,8.0
CC(C)N[C@H]1C[C@H]2C[C@@H](C1)N(C(=O)c1c[nH]c(C(N)=O)c1)C2,decoy,409.0,88.5,256.5,278.0,22.0,246.0,366.0,363.0,485.5,254.0,437.0,453.0
C#CCN(c1nnc(C(N)=O)n1C)[C@@H]1CCc2ccccc21,decoy,409.0,235.0,370.0,274.0,470.0,88.0,283.0,119.0,262.0,194.0,200.0,216.0
CC1(C)CNCCN1C(=O)c1cnn2ccc(N)cc12,decoy,409.0,336.0,164.5,183.5,386.0,29.0,471.0,313.0,5.0,32.5,124.0,307.0
NC(=O)C(=O)N1CCC[C@H](N[C@@H]2CCCc3ccccc32)C1,decoy,409.0,336.0,27.0,168.0,134.0,175.0,264.0,101.5,282.5,22.0,364.0,193.0
NC(=O)c1cccnc1N[C@@H]1CCc2ccccc2[C@@H]1O,decoy,409.0,123.5,373.5,198.5,291.0,10.0,339.0,369.0,24.0,169.5,97.0,98.0
Cc1nc(C2CN(C(=O)[C@@H]3C[C@H]3C3CCNCC3)C2)n[nH]1,decoy,409.0,419.5,203.0,187.5,356.0,393.0,124.0,490.0,397.5,238.5,231.5,148.0
N#C[C@H]1CNCCN1C(=O)c1cnc2cccc(O)c2c1,decoy,402.0,292.0,58.5,97.5,216.0,2.0,489.0,132.0,312.0,310.5,137.0,231.5
N#Cc1ccccc1S(=O)(=O)N1CCC[C@@H]1CN,decoy,400.5,267.5,460.0,476.5,38.0,297.0,2.0,154.0,413.5,437.0,467.5,454.0
Cc1ccc(S(=O)(=O)[C@H]2C[C@]2(CN)C(=O)O)cc1,decoy,400.5,118.5,500.0,500.0,477.0,436.0,191.0,237.0,354.0,305.0,497.5,499.0
NC(=O)c1ccc(-c2cc(F)c(C(N)=O)cc2F)cn1,decoy,486.0,26.0,474.0,251.0,233.0,129.0,158.5,180.0,182.0,181.5,52.0,378.0
N#Cc1cccc(S(=O)(=O)N2CCC(CCN)CC2)c1,decoy,395.5,413.5,453.0,470.0,145.0,420.0,267.5,318.5,480.5,420.0,467.5,408.0
CCOc1ncc(-c2ccc(C(N)=O)cn2)cc1F,decoy,480.5,24.5,468.0,336.5,299.0,77.0,327.0,405.0,483.0,55.5,352.0,496.0
NC(=O)c1cc(O)c(OC2Cc3ccccc3C2)c(O)c1,decoy,395.5,212.5,484.0,460.0,463.0,413.0,342.5,334.5,340.0,99.5,133.0,357.5
CN1Cc2cc(-c3ccc(S(N)(=O)=O)cc3)ccc2C1=O,decoy,395.5,413.5,440.0,482.0,468.0,467.0,63.5,173.0,433.0,37.5,328.0,424.0
CCS(=O)(=O)c1cccc(CN2C(=O)CNC2=O)c1,decoy,395.5,413.5,457.0,453.0,478.0,496.0,200.0,83.5,228.0,153.0,408.0,452.0
NC(=O)N1CCC[C@H]1C(=O)N1CCC([C@@H]2CCNC2)CC1,decoy,395.5,413.5,53.0,153.5,461.0,491.0,67.5,30.0,442.0,205.5,317.0,271.0
Cc1ccccc1C(=O)N1[C@H]2CC[C@@H]([C@H]1C(N)=O)[C@H](O)C2,decoy,395.5,480.5,225.0,295.5,327.0,425.0,249.0,88.0,336.0,464.5,434.5,244.0
NC(=O)c1ccccc1C=NN[C@@H]1CCCC[C@H]1O,decoy,395.5,329.5,449.0,402.0,286.0,341.0,14.0,351.0,32.5,136.5,251.0,112.0
C[C@]1(N)CCN(C(=O)c2ccccc2NS(C)(=O)=O)C1,decoy,395.5,413.5,413.5,438.0,71.0,109.0,213.0,454.0,306.5,341.0,400.0,394.0
CC(C)(O)c1cc(F)cc(-c2cc(C(N)=O)ncn2)c1,decoy,496.0,24.5,493.0,240.0,323.0,113.0,59.5,22.0,427.0,141.0,91.0,494.0
NC1CCN(C(=O)c2ccc3c(c2)CNC3=O)CC1,decoy,387.5,371.5,1.0,89.0,5.0,331.0,10.0,252.0,393.5,198.5,105.0,27.5
N#Cc1cccc(C(=O)N2[C@@H]3C[C@@H](F)[C@H](C3)[C@@H]2C(N)=O)c1,decoy,387.5,371.5,352.0,288.5,264.0,415.0,499.0,499.0,500.0,498.0,430.0,411.0
Cc1nscc1C(=O)N1NC(=O)CC12CCNCC2,decoy,387.5,98.5,197.5,255.0,149.0,293.0,401.5,427.5,153.5,375.0,99.0,101.5
CC(C)c1ncc(S(=O)(=O)N2C[C@H]3CCNC[C@H]32)[nH]1,decoy,387.5,276.5,447.0,354.0,93.0,105.0,385.0,58.0,332.0,413.5,320.0,402.5
C[C@@H]1C[C@@H](C(=O)O)CN(C(=O)C2(N)Cc3ccccc3C2)C1,decoy,387.5,371.5,219.5,285.0,472.0,418.0,123.0,160.0,27.0,50.0,455.0,376.0
COc1cccc(C(=O)N2CC[C@H](CCN)C2)c1O,decoy,387.5,492.0,180.0,320.0,99.0,236.0,235.5,98.0,447.0,262.5,450.0,325.0
C[C@H]1CCCN(C(=O)c2ccc(=N)[nH]c2)[C@@H]1CCN,decoy,387.5,371.5,285.5,299.0,60.0,303.0,282.0,281.0,282.5,361.5,457.0,447.0
NC(=O)C1CN(C(=O)c2cccc3cnccc23)C1,decoy,387.5,371.5,313.0,339.0,90.0,318.0,459.0,231.0,120.0,399.0,284.0,157.5
O=C1COc2cc3nc(-c4ncco4)[nH]c3cc2N1,decoy,500.0,23.0,413.5,50.5,440.0,4.0,450.5,1.0,273.0,34.5,14.0,455.0
NCC1(O)CCN(C(=O)c2ccnc3ccccc23)CC1,decoy,377.0,227.0,166.5,109.5,89.0,117.0,129.0,151.5,348.5,349.5,268.0,341.0
NCC1CCN(C(=O)c2c[nH]nc2[C@@H]2CCCNC2)CC1,decoy,377.0,227.0,43.5,133.0,198.0,233.0,216.0,276.5,174.5,273.0,122.0,164.0
Cn1nccc1C(=O)N1CCc2ccccc2[C@@H]1C(=O)O,decoy,377.0,227.0,332.5,299.0,433.0,395.0,386.0,274.5,211.0,147.5,391.0,429.0
NC(=O)c1cccc(N[C@@H]2CCN[C@H]2c2ccccc2)n1,decoy,377.0,53.0,323.5,71.5,395.0,25.0,348.0,92.5,348.5,393.0,120.0,175.0
NC(=O)c1nccnc1N[C@@H]1[C@H]2Cc3ccccc3[C@H]21,decoy,377.0,116.5,443.0,228.5,438.0,113.0,442.5,394.0,30.0,44.0,349.0,388.0
NCC1(O)CCN(C(=O)c2cccc3cc[nH]c23)CC1,decoy,377.0,227.0,73.0,44.0,63.0,165.0,86.0,195.0,31.0,73.0,229.0,152.0
Nc1cccc2c1N(C(=O)[C@H]1NC(=O)c3ccccc31)CC2,decoy,377.0,407.5,45.0,242.0,162.0,40.0,376.0,120.0,178.0,331.0,79.0,86.5
NCc1ccc(C(=O)N2Cc3ccccc3C[C@@H]2C(=O)O)o1,decoy,377.0,85.5,219.5,204.0,388.0,374.0,285.0,63.0,145.0,36.0,413.0,405.0
CCc1ccccc1C(=O)N1CC[C@H](c2nn[nH]n2)C1,decoy,377.0,474.5,348.0,281.0,380.0,377.0,453.0,491.0,228.0,212.0,277.0,228.5
NC1(C(=O)N2CCc3c(cccc3N3CCOC3=O)C2)CC1,decoy,377.0,496.0,67.0,215.5,152.0,280.0,119.0,181.0,108.5,46.0,147.0,57.0
Cc1cc(C(=O)N2C[C@H]3CNC[C@@]3(C)C2)ccc1[N+](=O)[O-],decoy,377.0,407.5,364.5,448.0,7.0,274.0,429.0,453.0,196.5,333.0,319.0,349.5
Cn1cnc(C(=O)N2CCc3cccc(N)c3C2)n1,decoy,377.0,331.0,206.5,65.5,408.0,134.0,486.0,329.0,77.5,42.5,189.0,147.0
O=C(c1cnnc(O)c1)N1CCc2c(O)cccc2C1,decoy,377.0,474.5,219.5,204.0,295.0,278.0,455.0,378.5,163.0,203.5,160.0,265.0
O=C(c1ccoc1)N1CCc2nc[nH]c2C12CCNCC2,decoy,367.0,109.5,71.0,14.0,193.0,43.0,384.0,153.0,27.0,284.0,100.0,208.0
N#C[C@@H]1CNCCN1C(=O)c1c[nH]c2c(Cl)ncnc12,decoy,367.0,63.0,101.0,11.0,303.0,5.0,213.0,213.5,2.0,122.5,81.0,291.0
O=C(c1ccc2[nH]nc(O)c2c1)N1CCNC2(CC2)C1,decoy,367.0,282.5,197.5,179.0,218.0,86.0,229.0,413.0,228.0,238.5,50.0,156.0
NC[C@@H]1Cc2ccccc2N1C(=O)c1noc2c1COCC2,decoy,367.0,282.5,302.0,101.0,416.0,22.0,250.0,82.0,4.0,66.5,143.0,263.5
N#C[C@@H]1CNCCN1C(=O)c1cc2cc(Cl)cnc2[nH]1,decoy,367.0,109.5,130.5,6.0,174.0,18.0,335.0,36.0,273.0,112.5,53.0,280.0
Cc1ccc(-c2cc(C(=O)N3CCNC[C@H]3CO)on2)cc1,decoy,367.0,162.5,288.5,137.0,306.0,108.0,490.0,364.0,467.5,53.5,176.0,340.0
CN=c1ccc(C(=O)N2CCN[C@H](c3ccncc3)C2)c[nH]1,decoy,367.0,162.5,209.5,116.5,247.0,60.0,480.0,348.0,465.0,301.0,245.0,353.0
Cc1cc2c(=NC(=O)[C@@H]3CCCNCC3)[nH][nH]c2cc1C#N,decoy,363.0,237.0,363.0,139.5,362.0,6.0,416.0,112.0,139.0,3.0,44.5,76.0
NCc1cncc(-c2cc(F)c(C(N)=O)c(F)c2)c1,decoy,476.0,22.0,446.0,221.0,279.0,101.0,55.0,217.0,56.0,161.5,85.0,482.0
NC(=O)c1ccc(-c2cc(F)c(F)c(C(=O)O)c2)nc1,decoy,479.0,21.0,476.5,308.0,486.0,342.0,171.0,8.0,273.0,6.5,142.0,475.0
NC(=O)c1ccc(S(=O)(=O)N2CC[C@H]3C[C@H]3C2)cc1,decoy,361.0,248.0,444.5,461.5,444.0,485.0,267.5,314.5,454.0,481.0,406.5,374.0
NC(=O)c1ccc(C(=O)N2CCc3cc(F)ccc32)cn1,decoy,469.0,20.0,256.5,36.5,179.0,80.0,241.5,220.5,49.5,270.0,37.0,322.0
O=C(c1ccccc1S(=O)(=O)O)N1C2CCC1CC2,decoy,361.0,449.5,476.5,490.0,500.0,500.0,377.0,401.5,245.5,444.0,410.0,225.0
CC1(N)CCN(C(=O)c2ccccc2S(C)(=O)=O)CC1,decoy,361.0,449.5,377.5,457.0,3.0,274.0,98.0,477.0,211.0,399.0,355.5,318.0
Cc1nc2c(n1-c1ncc(F)cc1C(N)=O)CCNCC2,decoy,473.0,19.0,134.5,9.0,350.0,20.0,309.0,399.0,214.5,458.5,2.0,39.5
CC[C@H]1CC[C@H](C)N1C(=O)c1ccc(S(N)(=O)=O)nc1,decoy,357.0,205.0,483.0,474.5,175.0,391.0,437.0,110.0,149.5,151.0,496.0,491.0
C[C@@H]1CN(C(=O)c2ccc(C(=O)O)cc2)C[C@H]1CN,decoy,357.0,322.5,293.5,416.5,120.0,383.0,76.0,28.0,407.0,336.0,499.0,498.0
Cc1ccc(S(C)(=O)=O)cc1C(=O)N1CCC[C@@H]1CN,decoy,357.0,322.5,405.5,442.0,30.0,297.0,265.5,297.0,368.5,318.0,417.0,433.0
CS(=O)(=O)Nc1cccc2c1CCN(S(C)(=O)=O)C2,decoy,357.0,479.0,468.0,486.0,482.0,474.0,181.5,463.0,232.5,310.5,402.0,371.0
NS(=O)(=O)c1ccc(C(=O)N2CCc3ccccc32)cc1,decoy,357.0,322.5,450.5,467.0,454.0,441.0,240.0,334.5,95.5,124.5,384.0,415.0
CC1(c2nc(-c3ccc(C(N)=O)cc3)no2)CNC1,decoy,350.0,42.5,478.0,218.5,383.0,144.0,326.0,86.0,245.5,57.0,77.5,287.0
NC(=O)c1cccc(CN2CCCC[C@H]2C(=O)O)c1,decoy,350.0,186.0,196.0,355.0,441.0,404.0,138.5,80.5,196.5,181.5,422.0,333.0
Cc1ccc([N+](=O)[O-])c(C(=O)N2CCN[C@H](C)C2)c1,decoy,350.0,445.5,315.5,388.0,37.0,224.0,293.0,371.0,342.5,423.5,212.0,269.0
CC(C)NC1CCN(C(=O)c2cc(C(N)=O)cn2C)CC1,decoy,350.0,91.0,130.5,204.0,10.0,219.0,96.0,201.5,360.5,34.5,421.0,430.0
NC(=O)c1cnc(O[C@@H]2CCc3ccccc3C2)nc1,decoy,350.0,138.0,413.5,207.5,286.0,218.0,295.0,263.5,172.5,259.5,196.0,234.0
Nc1nccnc1C(=O)N1CCC([C@H]2CCNC2)CC1,decoy,350.0,366.0,29.5,21.5,307.0,356.0,382.0,370.0,133.0,55.5,287.0,228.5
N=C(O)c1cccc(C(=O)N2C[C@@H]3CC[C@H](O)C[C@H]3C2)c1,decoy,350.0,491.0,184.5,295.5,135.0,366.0,53.5,44.0,60.0,147.5,465.0,380.0
CN(C)C(=O)c1ccccc1C(=O)N1CC[C@@H](NCC#N)C1,decoy,350.0,445.5,126.5,331.0,32.0,164.0,8.0,458.0,268.0,327.5,454.0,389.0
CC(=O)Nc1cccc(C(=O)N2C[C@@H](CN)C[C@@H]2C)c1C,decoy,350.0,445.5,273.0,428.0,14.0,241.0,466.0,466.5,392.0,396.0,487.0,420.0
NC(=O)c1ccc(N[C@@H]2C[C@H]2Cc2ccccc2)nn1,decoy,340.5,168.5,468.0,290.5,439.0,302.0,188.0,45.0,223.0,66.5,367.0,438.0
NC(=O)c1cccc(-c2ccc(OC3CNC3)cn2)c1,decoy,340.5,39.0,432.0,276.0,286.0,112.0,143.0,151.5,241.5,70.5,146.0,212.0
N=c1ccc(C(=O)N2CCCc3cccc(CN)c32)c[nH]1,decoy,340.5,326.5,225.0,171.0,202.0,58.0,261.0,311.0,182.0,301.0,182.0,226.0
N#CCc1ncc(N[C@H]2NC(=O)c3ccccc32)cn1,decoy,340.5,216.5,424.0,270.0,389.0,11.0,157.0,286.0,277.0,120.0,419.0,477.0
CO[C@@H]1CCN(Cc2cccc(C(N)=O)c2)[C@H](CN)C1,decoy,340.5,216.5,232.0,299.0,205.0,128.0,138.5,97.0,303.0,353.0,448.5,398.0
NC(=O)[C@@H]1CC[C@H](C(=O)N2CCNC[C@H]2c2ccncc2)C1,decoy,340.5,168.5,13.5,122.0,222.0,249.0,70.0,304.0,340.0,401.5,288.0,135.0
N#CCN1CC[C@@H]2CN(C(=O)c3ccc(C(N)=O)cc3)[C@@H]2C1,decoy,340.5,216.5,158.5,290.5,61.0,213.0,178.0,291.5,450.0,310.5,446.0,404.0
COc1cc(C(=O)N2CCNC[C@@H]2C#N)cc(Cl)c1O,decoy,340.5,168.5,200.5,230.0,148.0,145.0,422.0,423.0,123.0,245.0,273.0,417.0
N#C[C@H]1CNCCN1C(=O)c1nccnc1-c1ccccc1,decoy,340.5,216.5,107.5,71.5,262.0,61.0,367.5,409.5,287.0,446.0,289.0,315.0
CCN[C@H]1C[C@H]2CC[C@H]1N(C(=O)c1cc(C(N)=O)c[nH]1)C2,decoy,340.5,83.5,71.0,124.5,45.0,157.0,497.0,500.0,499.0,499.0,429.0,436.0
NS(=O)(=O)c1cccc(-c2cc(F)cc(CO)c2)n1,decoy,495.0,18.0,499.0,481.0,263.0,151.0,337.0,32.0,174.5,173.0,129.0,486.0
O=C1NCc2ccccc2[C@@H]1Nc1ncnc2c1CCNC2,decoy,478.0,17.0,149.0,33.0,426.0,9.0,387.0,276.5,410.5,462.0,16.0,108.0
CC(=O)c1cccc(S(=O)(=O)N2CC(C)(N)C2)c1,decoy,335.0,494.0,492.0,492.0,79.0,311.0,102.5,322.5,427.0,450.0,460.0,469.0
CS(=O)(=O)c1cccc(C(=O)N2CCC[C@@H](N)C2)c1,decoy,329.0,497.0,387.0,434.0,69.0,326.0,265.5,291.5,245.5,364.5,426.0,348.0
C[C@H]1CN(C(=O)c2ccc([C@H](N)CN)cc2)C[C@H](C)N1,decoy,329.0,395.0,301.0,357.0,165.0,171.0,12.0,345.0,422.5,267.5,481.0,478.0
CC1(C)CNCCN1C(=O)c1ccc(S(C)(=O)=O)o1,decoy,329.0,200.5,438.0,418.5,56.0,311.0,228.0,122.0,14.0,12.5,318.0,422.0
CS(=O)(=O)N1CCc2cccc(C(=O)O)c2C1,decoy,329.0,200.5,480.0,488.0,499.0,497.0,53.5,162.0,163.0,383.0,301.0,145.0
C[C@H](C#N)C(=O)N1Cc2ccccc2C[C@H]1C(=N)O,decoy,329.0,395.0,368.5,372.5,180.0,325.0,110.5,223.0,205.5,390.0,484.0,460.0
CC[C@@H]1NC(=O)N(Cc2ccc(C(N)=O)cc2)C1=O,decoy,329.0,100.0,329.0,389.0,405.0,474.0,169.5,308.5,452.5,423.5,396.0,391.0
CC1(C)CN(S(=O)(=O)c2cccc(N)c2)CCN1,decoy,329.0,395.0,454.0,463.0,139.0,263.0,99.0,330.0,427.0,479.0,330.0,346.5
C[C@@H](N)c1ccc(C(=O)N2CC[C@@](C)(C(N)=O)C2)cc1,decoy,329.0,309.0,273.0,363.0,123.0,346.0,37.0,289.0,312.0,310.5,461.0,466.0
NC(=O)[C@@H]1[C@@H]2CC[C@H]1CN(C(=O)c1cccc(O)c1)C2,decoy,329.0,476.5,107.5,333.0,372.0,453.0,310.0,388.0,397.5,364.5,423.0,301.0
NCC(=O)N1CCC(C(=O)c2ccc(O)cc2)CC1,decoy,329.0,476.5,184.5,260.0,211.0,387.0,122.0,234.0,312.0,375.0,469.0,413.0
N=C(O)[C@@H]1Cc2ccccc2CN1S(=O)(=O)C1COC1,decoy,329.0,395.0,473.0,443.0,173.0,331.0,218.0,318.5,128.0,428.5,452.0,412.0
CC(C)[C@@H]1CNCCN1S(=O)(=O)c1ccc(C#N)cn1,decoy,319.5,180.5,465.0,449.5,136.0,105.0,349.5,203.0,299.0,347.0,398.0,437.0
CN(C)C(=O)c1cccc(Cn2cc(C(N)=O)cn2)c1,decoy,319.5,253.0,413.5,409.0,270.0,333.0,110.5,62.0,401.5,281.0,453.0,470.0
C[C@@H]1CNCCN1S(=O)(=O)c1ccsc1C(=O)O,decoy,319.5,128.5,442.0,451.0,301.0,399.0,187.0,186.5,89.0,221.5,393.0,449.0
CC1=NO[C@@H](C(=O)N2Cc3ccccc3C[C@H]2C(N)=O)C1,decoy,319.5,440.0,346.5,275.0,91.0,320.0,306.0,448.0,102.5,254.0,334.0,286.0
NC(=O)c1cc(NC2CCNCC2)nc(Cl)n1,decoy,319.5,40.5,358.5,24.5,417.0,230.0,41.0,57.0,92.5,270.0,71.0,38.0
CS(=O)(=O)Nc1cccc(C(=O)N2CC[C@H](CN)C2)c1,decoy,319.5,440.0,377.5,440.5,22.0,246.0,345.0,191.0,377.5,287.5,479.0,456.0
Cn1nc(C(C)(C)C)cc1C(=O)N1CCNC[C@@H]1C#N,decoy,319.5,361.5,291.0,266.5,206.0,188.0,491.0,94.0,95.5,254.0,285.0,446.0
O=C1NS(=O)(=O)c2cc(C3=CCNCC3)ccc21,decoy,319.5,253.0,337.0,369.0,446.0,463.0,195.0,382.0,98.5,164.0,31.0,206.5
CCc1cc(C(=O)N2C[C@H]3CC[C@H](N)[C@@H]3C2)cc(=O)[nH]1,decoy,310.5,316.5,9.0,223.0,18.0,232.0,286.5,308.5,163.0,284.0,304.0,349.5
NC(=O)c1ccccc1-c1nccnc1N1CCNCC1,decoy,310.5,51.0,53.0,62.5,378.0,35.0,132.0,200.0,489.0,491.0,28.0,6.0
CCN[C@H]1CCN(C(=O)c2ccc(C(N)=O)cn2)[C@@H]1C,decoy,310.5,38.0,130.5,204.0,113.0,83.0,189.5,46.0,469.0,293.5,489.0,481.0
C[C@@H]1Cc2ccccc2N1C(=O)c1cnc(C(=O)O)cn1,decoy,310.5,209.5,401.5,385.0,489.0,351.0,445.0,389.0,34.5,132.5,470.0,468.0
CN1C(=O)NC[C@@H]1C(=O)N1CCCc2cccc(CN)c21,decoy,310.5,391.0,62.0,181.5,130.0,151.0,89.0,139.0,149.5,406.5,204.5,65.0
Cc1nc(C(=O)N2CCNCCC2(C)C)c(=O)[nH]c1C,decoy,310.5,209.5,246.0,329.0,129.0,50.0,469.0,95.0,128.0,356.5,65.0,150.0
O=C1CCc2cccc(C(=O)N3C[C@H]4[C@@H](C3)[C@@H]4C(=O)O)c2C1,decoy,310.5,469.5,193.5,346.5,471.0,480.0,398.0,487.0,312.0,397.0,263.0,74.0
C[C@]1(C(=O)N2Cc3ccc([N+](=O)[O-])cc3C2)CCNC1,decoy,310.5,391.0,308.0,380.0,66.0,359.0,318.0,483.0,115.0,81.5,125.0,105.0
O=C(c1cccc([N+](=O)[O-])c1O)N1CC2(CCCNC2)C1,decoy,310.5,391.0,305.0,390.0,28.0,182.0,93.5,443.0,459.5,377.5,106.0,46.0
CCN[C@H]1CCN(C(=O)c2cccnc2C(N)=O)C[C@@H]1C,decoy,310.5,80.0,152.0,225.5,21.0,170.0,210.0,305.0,364.0,331.0,406.5,359.0
CCc1cccc(C(=O)N2CCc3onc(C(N)=O)c3C2)c1,decoy,302.0,143.5,235.5,53.0,107.0,286.0,441.0,210.0,228.0,70.5,123.0,283.0
CC(=O)Nc1cccc(C(=O)N2CCNCC(F)(F)C2)n1,decoy,302.0,189.0,291.0,54.5,159.0,51.0,203.0,13.0,89.0,156.5,219.0,246.0
O=C([C@H]1C[C@H]1c1cccc([N+](=O)[O-])c1)N1CCCNCC1,decoy,302.0,483.0,326.0,415.0,26.0,306.0,303.0,424.0,123.0,265.5,166.0,49.0
NCC1CCN(C(=O)c2cccc3nc(CO)[nH]c23)CC1,decoy,302.0,143.5,141.0,15.0,112.0,54.0,357.0,66.0,282.5,295.5,98.0,44.0
N#C[C@@H]1CNCCN1C(=O)c1cc[nH]c2nccc1-2,decoy,302.0,143.5,17.0,24.5,118.0,55.0,241.5,31.0,63.5,408.5,88.0,215.0
NCC[C@H]1CCCN(C(=O)c2cccc3nc[nH]c23)C1,decoy,302.0,143.5,39.5,12.5,93.0,124.0,290.0,51.0,191.0,130.0,265.0,116.0
NC[C@H]1c2ccccc2CCN1C(=O)[C@@H]1CCCCC(=O)N1,decoy,302.0,436.5,15.5,159.5,122.0,158.0,292.0,92.5,256.5,66.5,280.0,109.0
O=C(N=c1[nH]nc2ccccn12)N1[C@H]2CCNC[C@H]1CC2,decoy,297.5,462.0,311.5,195.0,422.0,52.0,277.0,85.0,110.5,155.0,171.0,50.0
COc1ccc2c(c1)CCCN(C(=O)c1conc1CN)C2,decoy,297.5,120.0,277.5,241.0,240.0,159.0,373.0,352.0,232.5,284.0,191.5,314.0
NC(=O)c1c(F)cc(-c2ncc3ncnc-3[nH]2)cc1F,decoy,485.0,16.0,425.0,65.5,453.0,23.0,314.0,2.0,56.0,2.0,22.0,451.0
Nc1n[nH]c2ccc(-c3ncnc4c3CCNC4)cc12,decoy,499.0,15.0,329.0,76.5,487.0,44.0,369.5,474.0,1.0,194.0,7.0,296.0
NC(=O)c1cccnc1NC1CC2(CCCNC2)C1,decoy,281.5,58.5,225.0,76.5,335.0,89.0,180.0,232.0,25.0,141.0,36.0,25.0
N#Cc1ccccc1C(=O)N1C[C@H]2C[C@@]2(C(N)=O)C1,decoy,281.5,196.0,146.5,324.0,214.0,437.0,153.0,196.5,321.0,295.5,331.0,253.0
C[C@H]1CN(C(=O)N2C[C@H](N)[C@H](N)C2)CCc2ccccc21,decoy,281.5,489.0,138.0,263.5,180.0,368.0,135.0,241.0,110.5,234.0,353.0,279.0
N#Cc1ncc(-c2cc3c(nn2)CCNC3)cc1F,decoy,494.0,14.0,394.0,78.0,459.0,122.0,324.0,225.0,245.5,32.5,6.0,342.0
Cc1ccc(S(=O)(=O)N2CCSCC2)cc1C(N)=O,decoy,281.5,301.5,418.5,455.0,339.0,453.0,405.0,446.0,422.5,454.0,154.0,231.5
C[C@@]1(C2CC2)OC(=O)N(Cc2ccc(C(N)=O)cc2)C1=O,decoy,281.5,175.0,437.0,471.0,401.0,470.0,169.5,240.0,407.0,393.0,293.0,241.0
Cn1[nH]cnc1=NC(=O)c1cccc2c1C(=O)CC2,decoy,281.5,386.5,422.5,394.0,437.0,31.0,284.0,354.0,18.0,230.0,84.0,41.0
NC[C@H]1CCCN1C(=O)c1ccc(-c2ccccc2)[nH]c1=O,decoy,281.5,386.5,18.0,124.5,103.0,121.0,270.0,340.0,442.0,89.0,134.5,95.0
O=C(c1[nH]nnc1-c1ccccc1)N1CCCNCC1,decoy,281.5,356.5,239.0,138.0,378.0,173.0,271.0,205.5,120.0,70.5,83.0,52.0
O=C(O)c1cc(C(=O)N2CCN[C@H](c3ccccc3)C2)on1,decoy,281.5,184.5,253.0,101.0,465.0,352.0,313.0,256.0,434.5,254.0,293.0,381.5
N=c1cc(CN)ncn1-c1ccc2c(c1)C(=O)N(C1CC1)C2,decoy,281.5,311.5,38.0,109.5,423.0,16.0,244.0,271.0,321.0,153.0,172.0,37.0
CC(=O)c1cccc(C(=O)N2C[C@@H]3CCC[C@@H]3[C@@H]2C(N)=O)c1,decoy,281.5,489.0,215.5,308.0,293.0,429.0,257.0,473.0,273.0,216.5,444.0,351.0
CS(=O)(=O)c1ccccc1CN1C(=O)NC2(CC2)C1=O,decoy,281.5,473.0,456.0,464.0,401.0,470.0,42.0,480.0,92.5,305.0,397.0,448.0
Cc1ncncc1C(=O)N1c2ccccc2C[C@H]1C(N)=O,decoy,281.5,203.0,336.0,271.5,176.0,98.0,288.0,278.5,205.5,410.5,360.0,326.5
C[C@@H]1NCC[C@@H]1C(=O)N1CC[C@@](C(N)=O)(c2ccccc2)C1,decoy,281.5,306.0,47.0,234.5,72.0,343.0,21.0,299.0,358.0,346.0,332.0,178.0
CS(=O)(=O)N(c1ccc(CN)cc1)[C@@H]1CCCNC1,decoy,281.5,301.5,455.0,455.0,266.0,244.0,166.5,314.5,475.0,478.0,269.0,258.0
NC(=O)c1ccc(C(F)(F)F)nc1OC1[C@H]2CNC[C@H]1C2,decoy,281.5,36.5,382.0,218.5,203.0,131.0,496.0,494.0,498.0,497.0,75.5,239.0
CC1(C)CNCCN1C(=O)c1cnc2[nH]ncc2c1,decoy,281.5,260.5,253.0,143.5,374.0,24.0,458.0,247.5,9.5,169.5,136.0,406.0
Cc1cc(C)c(C(N)=O)c(N[C@H]2CNCC[C@H]2F)n1,decoy,281.5,48.5,342.0,21.5,429.0,100.0,438.0,72.0,139.0,364.5,42.0,186.0
O=C(c1cc[nH]n1)N1CCS(=O)(=O)c2ccccc2C1,decoy,281.5,306.0,393.0,356.0,166.0,176.0,85.0,461.0,39.5,315.0,267.0,243.0
CCN1CC[C@@H](Nc2ccc(C)c(C(N)=O)c2)C1=O,decoy,281.5,240.0,71.0,320.0,352.0,254.0,247.0,261.0,115.0,30.5,236.0,157.5
NC(=O)c1cccc(-c2noc([C@]3(F)CCNC3)n2)c1,decoy,281.5,47.0,413.5,3.0,407.0,150.0,145.0,11.0,56.0,8.5,19.0,94.0
CCc1ccc([C@H]2CN(C(=O)[C@@H]3C[C@@H]3C(N)=O)CCN2)cc1,decoy,281.5,203.0,53.0,244.5,166.0,224.0,88.0,188.0,397.5,275.5,310.0,302.0
COC[C@@H]1CNCCN1C(=O)c1cc(C)cc(C=O)c1O,decoy,281.5,466.0,277.5,340.0,115.0,62.0,482.0,291.5,294.5,413.5,248.0,401.0
NS(=O)(=O)C1CCN(C(=O)[C@H]2Cc3ccccc32)CC1,decoy,281.5,389.0,390.0,432.0,451.0,495.0,128.0,486.0,306.5,186.0,387.0,166.5
COC(=O)c1cccc(C(=O)N2C3CCC2(C(N)=O)CC3)c1,decoy,281.5,354.0,368.5,416.5,325.0,457.0,115.0,343.0,249.0,345.0,448.5,282.0
NC(=O)c1cccc2c1CCCN2C(=O)[C@H]1COCCO1,decoy,281.5,306.0,232.0,177.5,353.0,401.0,146.0,357.0,46.5,359.5,90.0,36.0
NC(=O)c1ccc(C(=O)N2Cc3ccccc3CO2)nc1,decoy,281.5,77.0,413.5,263.5,168.0,288.0,193.0,266.0,256.5,121.0,246.0,262.0
C[C@H](O)c1cccc(C(=O)N2[C@H]3CC[C@H]2[C@@H](C(N)=O)C3)c1,decoy,281.5,489.0,263.5,336.5,217.0,442.0,494.0,498.0,497.0,495.0,466.0,363.0
Nc1cnc(C(=O)N2CCNC[C@@H]2c2cccc(F)c2)cn1,decoy,281.5,57.0,180.0,6.0,393.0,17.0,199.0,20.0,366.5,380.0,40.0,111.0
CCCc1n[nH]c(=NC(=O)N2CCCNCC2)s1,decoy,281.5,260.5,429.0,396.0,347.0,90.0,297.0,87.0,178.0,169.5,276.0,344.0
NC(=O)Cc1nc(/C=C/C2CCNCC2)nc2ccccc12,decoy,265.0,114.0,247.5,10.0,297.0,58.0,291.0,236.0,348.5,141.0,75.5,17.0
CCC[C@H]1CNCCN1C(=O)c1cc(C)nc2[nH]nc(C)c12,decoy,265.0,206.5,235.5,174.0,330.0,94.0,481.0,159.0,149.5,265.5,110.0,390.0
O=C1CN(C(=O)[C@@H]2C[C@H]2C2CCNCC2)c2ccncc2N1,decoy,265.0,303.5,5.0,60.0,178.0,244.0,281.0,449.0,77.5,20.0,206.0,21.0
NCc1cccc(C(=O)N2CCc3n[nH]cc3C2)c1,decoy,259.0,180.5,64.5,116.5,100.0,296.0,258.0,54.0,149.5,181.5,130.0,168.0
C[C@H]1CNCCN1C(=O)c1ccc2c(N)ncnc2c1,decoy,259.0,244.5,101.0,97.5,256.0,47.0,421.0,189.5,133.0,301.0,174.0,256.0
Cc1cccc(C(=O)N2CCNC[C@H](CC(=O)O)C2)n1,decoy,259.0,180.5,266.0,247.5,473.0,372.0,154.5,199.0,60.0,144.0,350.0,300.0
NC1(C(=O)N2CCc3cc4c(cc3C2)OCO4)CCNCC1,decoy,259.0,425.5,121.5,101.0,142.0,146.0,253.5,272.0,211.0,64.0,54.0,121.0
CC(C)[C@H]1CN(C(=O)c2cccc3nc(O)oc23)CCN1,decoy,259.0,244.5,262.0,149.0,125.0,26.0,461.5,155.5,191.0,78.5,88.0,125.0
Cc1cccc(CN2C(=O)N[C@](C)(C3CCNCC3)C2=O)n1,decoy,259.0,134.5,164.5,232.0,121.0,354.0,305.0,101.5,169.0,92.0,141.0,13.0
COC(=O)[C@@H]1CN(C(=O)c2nc[nH]n2)Cc2ccccc21,decoy,259.0,244.5,385.0,266.5,230.0,235.0,424.0,331.0,407.0,208.0,433.0,369.0
NC(=O)c1ccc(N2CCC(C3=CC=C(N)CN3)CC2)nc1,decoy,259.0,70.0,190.0,133.0,365.0,110.0,172.0,208.5,473.0,245.0,173.0,113.0
NC(=O)c1ccc(-c2cnn(C3CCNCC3)c2)nc1,decoy,259.0,44.5,53.0,62.5,342.0,242.0,165.0,249.0,438.5,106.5,155.0,4.0
CCCc1onc(C)c1C(=O)N1CCNC[C@H]1C#N,decoy,249.0,198.0,311.5,195.0,212.0,203.0,406.5,26.0,390.0,442.0,361.0,472.0
O=C(O)c1ccccc1S(=O)(=O)N1CC[C@H]2NCC[C@H]21,decoy,249.0,296.5,408.5,426.5,280.0,396.0,24.0,451.0,42.5,349.5,355.5,191.5
Cn1nccc1S(=O)(=O)N1CCc2cccc(N)c21,decoy,249.0,382.0,472.0,445.0,385.0,69.0,444.0,425.5,46.5,226.5,312.0,330.0
Cn1nc(C(=O)N2CCC[C@H]([C@H]3CCNC3)C2)cc1N,decoy,249.0,382.0,141.0,79.0,228.0,293.0,246.0,346.0,303.0,51.0,199.0,199.0
O=C(c1ccc([N+](=O)[O-])c(O)c1)N1CCC12CCNCC2,decoy,249.0,382.0,279.0,398.0,14.0,219.0,61.0,362.0,397.5,273.0,231.5,203.5
Cn1c(C(=O)N2CCNC[C@H]2C#N)nc2ccccc21,decoy,249.0,296.5,76.0,29.0,225.0,3.0,299.0,49.0,49.5,281.0,151.0,245.0
NCC1(O)CCN(C(=O)[C@H]2OCCc3ccccc32)CC1,decoy,249.0,382.0,176.0,156.0,49.0,304.0,92.0,273.0,223.0,109.0,326.5,328.0
NC(=O)[C@@H]1CCCN1C(=O)c1cccc2[nH]ccc12,decoy,249.0,296.5,158.5,207.5,309.0,423.0,252.0,59.0,6.0,136.5,152.0,56.0
CCC[C@H]1CNCCN1C(=O)c1cc(C(=O)O)co1,decoy,249.0,157.5,296.5,303.0,254.0,357.0,213.0,452.0,105.5,194.0,436.0,490.0
COC(=O)[C@H]1Cc2ccccc2CN1C(=O)c1[nH]cnc1C,decoy,249.0,104.0,332.5,263.5,76.0,137.0,409.5,168.0,366.5,463.0,428.0,366.0
CN1Cc2c(cccc2-c2cnccc2C(N)=O)C1=O,decoy,249.0,157.5,125.0,348.0,236.0,265.0,52.0,239.0,386.0,469.0,77.5,53.0
NC(=O)CC1CN(C(=O)c2cccc(C(F)(F)F)c2N)C1,decoy,240.5,232.5,309.5,323.0,155.0,267.0,117.5,462.0,412.0,452.5,373.5,267.5
CCc1ccc(C(=O)N2CCC(O)(C(N)=O)CC2)cc1CC,decoy,240.5,432.5,269.0,341.5,237.0,437.0,300.0,489.0,354.0,287.5,458.0,480.0
CC(=O)N1c2ccccc2C[C@H]1C(=O)N1CCC[C@H]1C(N)=O,decoy,240.5,343.0,173.5,293.0,358.0,409.0,74.0,157.0,98.5,387.0,404.0,305.0
Nc1ccccc1S(=O)(=O)N1CCCC[C@@]12CCNC2,decoy,240.5,343.0,344.5,378.0,177.0,36.0,36.0,291.5,73.0,435.5,308.5,293.5
COC[C@@H]1CCCN1C(=O)c1cccc(S(N)(=O)=O)c1,decoy,240.5,343.0,471.0,484.0,268.0,451.0,166.5,182.5,131.0,194.0,485.0,459.0
Cc1cccc([N+](=O)[O-])c1C(=O)N1CCC(CN)CC1,decoy,240.5,485.5,296.5,400.5,41.0,336.0,474.0,432.0,420.0,487.0,420.0,257.0
Cc1c(C(=O)N2C[C@H]3C=C[C@H]2C3)cccc1S(N)(=O)=O,decoy,237.0,469.5,450.5,483.0,403.0,483.0,493.0,501.0,496.0,493.0,432.0,362.0
O=C(O)c1cc(F)cc(-c2ncc3c(n2)CCNC3)c1,decoy,491.0,13.0,339.5,8.0,483.0,310.0,51.0,19.0,81.0,8.5,3.0,364.0
NC(=O)c1cnc(Cl)nc1-n1ccc2c1CCNC2,decoy,470.0,12.0,34.5,4.0,368.0,95.0,81.5,235.0,92.5,234.0,4.0,47.0
COC(=O)c1ccc(F)cc1-c1cccc(C(N)=O)n1,decoy,480.5,10.5,491.0,358.0,274.0,120.0,34.0,24.0,291.5,435.5,59.0,321.0
NC(=O)c1ccnc(-c2cc(F)cc(C(=O)O)c2)c1,decoy,490.0,10.5,490.0,370.0,495.0,411.0,154.5,52.0,354.0,89.0,107.0,489.0
N#C[C@H]1CNCCN1C(=O)c1ccc2n[nH]cc2c1F,decoy,235.5,66.5,117.5,23.0,243.0,56.0,307.0,37.0,321.0,277.5,26.0,96.5
Cc1cccc(C(=O)N2CCc3[nH]nc(C(N)=O)c3C2)c1F,decoy,235.5,66.5,144.5,17.0,157.0,199.0,439.0,175.0,15.0,22.0,11.0,31.0
NC(=O)c1cc(C(=O)N2CCc3cc(O)ccc3C2)co1,decoy,230.5,123.5,79.5,128.0,366.0,419.0,457.0,211.0,198.0,19.0,102.5,320.0
NC(=O)C[C@H]1COCCN1C(=O)c1cccc2c1CCOC2,decoy,230.5,419.5,76.0,133.0,252.0,409.0,231.0,306.0,430.5,327.5,230.0,83.0
O=C1CNC(=O)N1Cc1ccc(N[C@@H]2CCCNC2)cc1,decoy,230.5,336.0,79.5,210.0,426.0,364.0,464.0,408.0,342.5,166.0,92.0,78.0
CC(C)Cc1cc(C(=O)N2CCNC[C@H]2CO)cc(O)n1,decoy,230.5,123.5,281.0,318.0,140.0,139.0,399.5,194.0,424.5,323.0,326.5,483.0
CN1Cc2c(Nc3cnccc3C(N)=O)cccc2C1=O,decoy,230.5,123.5,170.0,322.0,382.0,63.0,433.0,468.0,430.5,161.5,126.0,91.0
NC[C@@H]1Cc2ccccc2CN1c1ccc(C(N)=O)nn1,decoy,230.5,88.5,250.0,146.5,485.0,82.0,346.0,176.5,456.5,97.0,234.0,93.0
COc1cccc2c1CN(C(=O)c1ccc(C(N)=O)nc1)C2,decoy,230.5,123.5,250.0,237.0,136.0,124.0,173.5,164.0,354.0,212.0,325.0,260.0
O=C(c1cc(-c2ccccc2O)[nH]n1)N1CCNCC1,decoy,230.5,336.0,91.5,85.0,354.0,75.0,317.0,172.0,364.0,26.0,46.0,62.0
COC(=O)c1cccc2c1CN(C(=O)[C@@H]1C[C@@H]1C(N)=O)C2,decoy,223.5,454.0,273.0,405.0,247.0,445.0,47.0,142.5,34.5,4.5,357.0,107.0
NC(=O)[C@@H]1CC[C@H](C(=O)N2C[C@@H](N)Cc3ccccc32)C1,decoy,223.5,288.0,34.5,231.0,161.0,215.0,56.5,124.0,76.0,112.5,382.5,132.0
NC(=O)Cc1occc1C(=O)N1CCc2ccccc2CC1,decoy,223.5,148.0,149.0,141.5,319.0,444.0,298.0,328.0,123.0,6.5,132.0,139.0
CNC(=O)c1ccc(C(=O)N2CCCC[C@H]2CCN)cn1,decoy,223.5,148.0,96.0,153.5,34.0,209.0,185.0,147.0,321.0,106.5,495.0,487.0
O=C(c1cccc2c1CCC2)N1CC[C@](O)(C(=O)O)C1,decoy,223.5,454.0,303.5,343.5,488.0,481.0,77.0,282.5,130.0,94.5,261.0,119.0
NCC[C@@H]1CCN(Cc2cccc(S(N)(=O)=O)c2)C1,decoy,223.5,376.5,430.0,461.5,172.0,215.0,328.0,115.0,262.0,259.5,482.0,464.0
O=C(O)[C@@H]1CCS(=O)(=O)N1Cc1ccccc1C1CC1,decoy,217.5,425.5,468.0,486.0,480.0,473.0,104.5,332.5,374.0,470.0,473.0,432.0
NC(=O)c1ccc(C(=O)N2C[C@@H]3C[C@H]4C[C@H]3[C@H]2[C@@H]4O)cc1,decoy,217.5,332.5,229.0,374.0,339.0,453.0,501.0,496.0,495.0,501.0,459.0,463.0
COc1ccccc1C(=O)N1CCC(O)(CN)CC1,decoy,217.5,482.0,269.0,308.0,63.0,165.0,23.0,359.0,444.0,371.0,431.0,383.0
NC(=O)[C@@H]1CCCN1C(=O)c1cccc(C(F)(F)F)c1O,decoy,217.5,425.5,342.0,308.0,346.0,415.0,260.0,326.5,84.5,325.0,297.0,172.0
O=C(O)[C@H]([C@H]1NCCS1)N1C(=O)c2ccccc2C1=O,decoy,217.5,222.0,229.0,351.0,396.0,358.0,44.0,479.0,133.0,277.5,346.0,272.0
O=C1C=C[C@H](C(=O)N2CCC(C3CCNCC3)CC2)N=N1,decoy,217.5,500.0,126.5,260.0,492.0,469.0,17.0,374.0,330.0,186.0,286.0,89.5
CCS(=O)(=O)[C@H]1[C@H](c2ccccc2)[C@@]1(CN)C(=O)O,decoy,213.0,131.5,498.0,499.0,491.0,440.0,379.0,466.5,473.0,474.0,500.0,500.0
NC(=O)c1cccc(C(=O)N=S2(=O)CCCC2)c1,decoy,213.0,279.5,462.0,478.0,220.0,329.0,239.0,39.0,188.0,116.5,337.5,361.0
CN(C)C(=O)c1cccc(C(=O)N2CCC(C(N)=O)CC2)c1,decoy,213.0,463.5,241.0,386.0,277.0,457.0,272.0,316.0,466.0,404.0,411.5,281.0
NS(=O)(=O)c1ccc(C(=O)N2C[C@H]3C[C@@H]3C2)cc1,decoy,211.0,434.5,444.5,476.5,448.0,490.0,500.0,495.0,494.0,496.0,463.5,473.0
NC(=O)c1cccc(-c2ccc(O[C@@H]3CCCNC3)nn2)c1,decoy,209.5,78.0,299.0,89.0,456.0,192.0,390.0,215.5,490.0,205.5,41.0,33.0
O=Cc1c[nH]c2ccc(C(=O)N3CCNC[C@@H]3CO)cc12,decoy,209.5,282.5,117.5,109.5,100.0,64.0,208.5,75.0,169.0,184.0,170.0,326.5
O=C1C[C@H](Nc2nc(Cl)nc3c2CCNC3)CCCN1,decoy,492.0,9.0,291.0,20.0,436.0,140.0,316.0,418.0,19.5,201.5,32.0,217.0
Cc1ncc(-c2ccc3c(c2)C(=O)N(C)C3)cc1C(N)=O,decoy,205.5,85.5,137.0,308.0,196.0,182.0,222.5,174.0,445.0,28.0,48.0,137.0
Cc1o[nH]c(=NC(=O)N2CCc3ccccc3[C@@H]2CN)c1C,decoy,205.5,227.0,295.0,95.0,397.0,13.0,468.0,270.0,317.0,177.5,272.0,360.0
COc1ccc2c(c1)N[C@H](C1CCNCC1)NS2(=O)=O,decoy,205.5,407.5,452.0,399.0,212.0,14.0,109.0,425.5,360.5,297.5,282.0,80.0
NC(=O)c1ccc(C(=O)N2C[C@@H](O)Cc3ccccc32)nc1,decoy,205.5,68.0,281.0,218.5,259.0,46.0,192.0,186.5,101.0,234.0,324.0,323.0
NC[C@H](N)c1ccc(C(=O)N2CCc3cnccc3C2)cc1,decoy,205.5,227.0,82.5,93.5,147.0,163.0,275.0,284.5,381.5,212.0,377.0,428.0
NCC[C@@H]1CCCN(C(=O)[C@@H]2CNC(=O)c3ccccc32)C1,decoy,205.5,407.5,3.0,105.0,111.0,379.0,67.5,50.0,184.5,200.0,358.0,201.0
Cc1n[nH]c(C)c1S(=O)(=O)N1[C@H]2CCNC[C@H]1CC2,decoy,201.5,276.5,433.0,413.0,156.0,261.0,434.5,105.0,417.5,431.0,278.0,163.0
NC(=O)[C@H]1CC[C@@H]1C(=O)N1CCc2c(N)cccc2C1,decoy,201.5,371.5,19.0,277.0,187.0,347.0,278.0,182.5,108.5,29.0,283.0,26.0
CC1(C)CCNCCN1C(=O)[C@H]1CC[C@@H](C(N)=O)C1,decoy,200.0,480.5,243.5,371.0,405.0,474.0,58.0,80.5,200.5,364.5,334.0,174.0
CCc1cccc(CC)c1S(=O)(=O)N1CC[C@H]1C(=O)O,decoy,198.0,375.0,496.0,498.0,481.0,479.0,269.0,372.0,407.0,483.0,497.5,493.0
CS(=O)(=O)c1ccc(C(=O)N2CCC(CN)CC2)cc1,decoy,198.0,458.0,404.0,447.0,70.0,349.0,102.5,459.5,377.5,189.0,474.0,423.0
CCN1C(=O)C(C)(C)N[C@@H]1c1ccc(C(N)=O)cc1,decoy,198.0,62.0,396.5,413.0,312.0,371.0,71.0,401.5,436.5,393.0,414.5,393.0
Cc1cc(C)n2ccc(C(=O)N3CCNC[C@@H]3C#N)c2n1,decoy,194.0,273.0,113.0,41.5,208.0,7.0,431.0,15.0,66.0,42.5,72.0,238.0
C[C@@H]1CN(C(=O)c2cn(CCN)nn2)Cc2ccccc21,decoy,194.0,273.0,259.5,109.5,423.0,202.0,487.0,155.5,299.0,130.0,434.5,392.0
C[C@@]1(c2nc(Cc3cccc(C(N)=O)c3)no2)CCNC1,decoy,194.0,60.5,420.5,65.5,374.0,156.0,308.0,23.0,262.0,116.5,33.0,124.0
O=C(c1cnc2n[nH]nc2c1)N1CCc2ccccc2C1,decoy,194.0,193.0,266.0,116.5,431.0,178.0,450.5,233.0,287.0,40.0,114.0,250.0
O=C(O)c1cccc2c1CCN(C(=O)c1cnc[nH]1)C2,decoy,194.0,152.0,101.0,36.5,338.0,400.0,148.0,288.0,22.0,61.5,194.0,92.0
NCC1CCN(C(=O)c2cc(C3CCNCC3)no2)CC1,decoy,187.5,216.5,152.0,54.5,194.0,250.0,158.5,282.5,290.0,161.5,240.5,149.0
Cc1cccc(C)c1C(=O)N1CCn2c(nnc2C(N)=O)C1,decoy,187.5,216.5,117.5,39.0,215.0,266.0,484.0,325.0,51.5,166.0,209.0,202.0
Cn1[nH]cnc1=NC(=O)N1CCC[C@H](C2CCNCC2)C1,decoy,187.5,400.0,213.5,239.0,333.0,335.0,362.5,354.0,390.0,191.0,264.0,173.0
NC(=O)NC1CCN(C(=O)c2cccc3c2OCC3)CC1,decoy,187.5,400.0,91.5,85.0,327.0,425.0,219.0,70.0,236.5,383.0,175.0,20.0
CC(C)c1cc(=NC(=O)N2[C@H]3CCNC[C@H]2CC3)[nH]o1,decoy,187.5,326.5,377.5,215.5,238.0,42.0,472.0,247.5,186.5,181.5,249.0,185.0
Cc1cccc(C(=O)N2CC[C@]3(CCNC3)C2)c1[N+](=O)[O-],decoy,187.5,400.0,253.0,384.0,1.0,254.0,473.0,475.0,163.0,66.5,131.0,48.0
COc1nn(C)cc1C(=O)N1c2ccccc2C[C@H]1CN,decoy,187.5,400.0,385.0,387.0,386.0,33.0,446.0,64.0,312.0,318.0,401.0,381.5
NCC1(O)CCN(C(=O)c2cccc3c2CCCN3)CC1,decoy,187.5,472.0,117.5,151.0,82.0,135.0,112.0,258.0,420.0,349.5,108.0,77.0
Cc1cccc(C(N)=O)c1N[C@H]1CCN(C2CC2)C1=O,decoy,180.5,267.5,64.5,281.0,284.0,297.0,383.0,259.5,153.5,194.0,121.0,1.0
CNC(=O)[C@H]1Cc2ccccc2N1C(=O)[C@H]1C[C@@H](N)C1,decoy,180.5,445.5,318.5,409.0,108.0,272.0,364.0,398.0,467.5,455.5,442.0,385.5
NC(=O)c1ccc(C(=O)N2CC(Cc3ccoc3)C2)cc1,decoy,180.5,138.0,361.5,400.5,391.0,465.0,78.0,189.5,155.5,161.5,409.0,439.5
CC(C)[C@H]1CNCCN1C(=O)c1csc([N+](=O)[O-])c1,decoy,180.5,267.5,367.0,429.0,46.0,224.0,413.0,403.5,83.0,310.5,347.0,444.0
N[C@H]1C[C@H]2C[C@@H](C1)N(C(=O)c1cccc(C(=O)O)c1)C2,decoy,180.5,445.5,158.5,366.5,117.0,386.0,388.0,169.0,136.0,413.5,472.0,419.0
O=S(=O)(c1ccc(-c2cncnc2)cc1)N1CCNCC1,decoy,180.5,267.5,441.0,391.0,169.0,196.0,90.5,434.5,488.0,336.0,279.0,278.0
C[C@H]1C(=O)N(c2cccc(C(N)=O)c2)C(=O)N1C1CC1,decoy,175.5,322.5,381.0,446.0,432.0,447.0,69.0,393.0,169.0,103.0,290.0,79.0
CN(C)S(=O)(=O)N1C[C@H](C(=N)O)Cc2ccccc21,decoy,175.5,404.0,488.0,486.0,357.0,405.0,20.0,215.5,216.5,472.0,477.0,467.0
CCc1cccc(C(=O)N2CC[C@@H](C(N)=O)C2)c1O,decoy,175.5,404.0,190.0,359.0,327.0,425.0,244.0,476.0,332.0,408.5,369.0,181.5
O=C([C@@H]1CCCNC1)N1Cc2cccc(-c3nn[nH]n3)c2C1,decoy,175.5,220.0,141.0,30.5,411.0,285.0,220.5,269.0,62.0,1.0,43.0,7.0
COc1cccc2c1CCN(C(=O)c1c(C)nn(C)c1N)C2,decoy,170.5,361.5,211.0,186.0,311.0,280.0,483.0,347.0,172.5,106.5,219.0,254.0
C[C@H]1CNCCN1C(=O)c1cc2c(nc1O)CCCC2=O,decoy,170.5,189.0,91.5,174.0,150.0,32.0,361.0,256.0,277.0,387.0,35.0,138.0
O=C(C1=NO[C@@]2(CCNC2)C1)N1c2ccccc2C[C@@H]1CO,decoy,170.5,436.5,334.5,222.0,317.0,138.0,204.0,317.0,66.0,45.0,208.0,166.5
Cc1cccc2c1CCN(C(=O)c1cc(C(=O)O)n[nH]1)C2,decoy,170.5,267.5,235.5,174.0,457.0,422.0,440.0,412.0,163.0,48.0,164.0,219.0
NC(=O)c1c[nH]nc1[C@@H]1CCCCN1C[C@H]1CCNC1,decoy,170.5,102.5,101.0,146.5,269.0,228.0,296.0,106.0,128.0,421.5,61.0,60.0
NC[C@@H]1c2ccccc2CCN1C(=O)c1cc(C(=O)O)co1,decoy,170.5,102.5,141.0,128.0,411.0,270.0,330.5,391.0,360.5,99.5,394.0,441.0
NC(=O)c1ccc(CN2CCCCS2(=O)=O)cc1,decoy,166.0,174.0,399.5,455.0,461.0,491.0,6.0,136.5,424.5,89.0,362.0,387.0
CS(=O)(=O)N1Cc2ccccc2C[C@H]1C(=O)O,decoy,166.0,367.5,494.0,494.5,498.0,498.0,87.0,481.0,268.0,480.0,478.0,445.0
C[C@@H]1CCN(S(=O)(=O)C2CCNCC2)CC[C@@H]1CN,decoy,166.0,499.0,458.5,480.0,474.0,483.0,83.0,9.0,54.0,230.0,440.0,284.0
Cn1c(=O)oc2c(C(=O)N3CCC(CN)CC3)cccc21,decoy,162.5,316.5,144.5,163.0,78.0,203.0,452.0,113.0,69.0,371.0,216.0,43.0
CC(=O)c1ccc(CN2C(=O)N[C@@]3(CCCNC3)C2=O)cc1,decoy,162.5,316.5,121.5,183.5,31.0,197.0,45.0,383.5,336.0,431.0,118.5,155.0
N#C[C@@H]1CNCCN1C(=O)c1cccnc1OC(F)F,decoy,162.5,209.5,180.0,166.0,162.0,40.0,149.5,383.5,354.0,457.0,203.0,251.0
C[C@@H]1Cc2ccccc2CN1C(=O)c1cn(C)c(=O)nc1O,decoy,162.5,469.5,383.0,423.0,188.0,142.0,447.5,438.0,354.0,221.5,224.5,222.0
NC(=O)[C@@H]1c2ccccc2CCN1C(=O)c1cnns1,decoy,157.5,361.5,326.0,287.0,199.0,315.0,378.0,407.0,282.5,291.0,345.0,354.0
COC(=O)[C@H]1CCN(C(=O)c2cccc(C(N)=O)c2)[C@H]1C,decoy,157.5,253.0,413.5,469.0,261.0,447.0,337.0,358.0,373.0,58.0,475.0,439.5
Cc1c(N[C@@H]2CCC(=O)N(C)C2)cccc1C(N)=O,decoy,157.5,253.0,170.0,379.0,242.0,193.0,230.0,196.5,102.5,221.5,80.0,10.0
O=C([C@@H]1CCc2ccccc2C1)N1CC(O)(C(=O)O)C1,decoy,157.5,361.5,350.0,376.5,493.0,493.0,137.0,244.0,158.0,92.0,389.0,267.5
NCc1cccc(C(=O)N2CCC[C@@H](CC(N)=O)C2)c1,decoy,157.5,361.5,57.0,228.5,119.0,366.0,75.0,130.0,125.5,173.0,445.0,356.0
NC(=O)c1cccc(C=NN2Cc3ccccc3C2=O)c1,decoy,157.5,253.0,263.5,409.0,355.0,338.0,50.0,390.0,480.5,14.0,185.0,106.0
CC1(C)CCNCCN1C(=O)c1ccc2c(O)ncnc2c1,decoy,154.0,311.5,235.5,254.0,246.0,39.0,432.0,250.0,112.5,132.5,184.0,235.0
Cc1c(C#N)cccc1C(=O)N1CCCC[C@@H]1C(N)=O,decoy,152.5,309.0,215.5,349.0,247.0,434.0,251.0,167.0,462.0,301.0,337.5,100.0
N#CCc1ccccc1S(=O)(=O)N1CC[C@H](CN)C1,decoy,152.5,309.0,435.0,467.0,4.0,289.0,11.0,229.5,386.0,438.5,486.0,476.0
CN1C(=O)CN(C(=O)c2conc2CN)Cc2ccccc21,decoy,148.5,140.0,354.5,316.5,312.0,84.0,286.5,471.0,42.5,126.0,191.5,188.0
N=c1ccc(C(=O)N2CCNC[C@@H]2c2ccncc2)c[nH]1,decoy,148.5,184.5,170.0,116.5,230.0,28.0,279.0,148.5,442.0,468.0,161.0,261.0
O=C(c1ccc(-c2cn[nH]c2)cc1)N1CCNC[C@H]1CO,decoy,148.5,356.5,200.5,139.5,190.0,180.0,232.0,302.5,75.0,147.5,258.0,379.0
Cc1[nH]nc2ncc(C(=O)N3CCNC[C@H]3C)cc12,decoy,148.5,260.5,200.5,91.5,369.0,49.0,408.0,254.0,37.0,226.5,115.0,357.5
NC[C@H]1Cc2ccccc2N1C(=O)c1cc(C2CC2)[nH]n1,decoy,148.5,260.5,314.0,247.5,414.0,38.0,436.0,373.0,84.5,76.0,180.0,115.0
Cn1cc([C@H]2CN(C(=O)c3cccc(C#N)c3)CCN2)cn1,decoy,148.5,430.5,184.5,171.0,272.0,251.0,488.0,127.0,377.5,81.5,223.0,277.0
O=C1N=C(O)[C@@]23CCCc4cccc(c42)/C(=N/O)[C@H]13,decoy,142.0,466.0,448.0,437.0,450.0,389.0,276.0,208.5,403.0,442.0,117.0,252.0
O=C(N=c1cc[nH]cc1O)[C@@H]1C[C@H]1C1CCNCC1,decoy,142.0,386.5,190.0,177.5,360.0,141.0,93.5,33.5,145.0,97.0,242.0,85.0
NC(=O)c1ccc(N[C@@H]2CCNC[C@H]2C(F)(F)F)nc1,decoy,142.0,48.5,329.0,47.0,429.0,179.0,40.0,310.0,205.5,116.5,162.5,223.0
O=S(=O)(c1c[nH]cn1)N1CCNC[C@H]1c1ccccc1,decoy,142.0,107.0,408.5,313.0,238.0,34.0,323.0,108.0,372.0,399.0,238.0,319.0
COC(=O)[C@H]1CNCCCN1C(=O)c1cccc(C(C)=O)c1,decoy,142.0,386.5,342.0,343.5,85.0,147.0,206.0,455.0,268.0,279.0,390.0,317.0
NCCc1noc(CN2Cc3ccccc3C2=O)n1,decoy,142.0,107.0,187.0,48.5,325.0,223.0,460.0,207.0,345.0,353.0,367.0,399.5
NC(=O)[C@@H]1CCCN(C(=O)[C@@H]2NCCc3ccccc32)C1,decoy,142.0,107.0,11.5,36.5,98.0,190.0,56.5,150.0,42.5,78.5,138.5,61.0
C[C@H]1CN(C(=O)c2cccc3c2CNC3)C[C@@H]1C(N)=O,decoy,137.5,240.0,107.5,293.0,87.0,324.0,234.0,296.0,256.5,393.0,112.0,18.0
N#CCc1cccc(C(=O)N2CC[C@H]3C[C@]32C(N)=O)c1,decoy,137.5,354.0,212.0,333.0,321.0,456.0,116.0,222.0,194.5,428.5,416.0,372.0
NC(=O)c1cccc(C(=O)N2CCc3c(F)cccc3C2)n1,decoy,132.0,55.5,193.5,28.0,143.0,155.0,396.0,165.0,236.5,59.0,24.5,55.0
COCc1ccc(C(=O)N2CCNC[C@@H](C(=O)O)C2)cc1,decoy,132.0,350.0,350.0,376.5,347.0,365.0,62.0,386.5,250.0,177.5,424.0,395.5
NC(=O)c1cccc(-c2cnc(OC3CCNCC3)nc2)c1,decoy,132.0,94.5,243.5,33.0,337.0,67.0,143.0,96.0,479.0,85.0,113.0,14.0
Cn1cc2ccc(C(=O)N3CCNC[C@@H]3C#N)cc2n1,decoy,132.0,244.5,113.0,159.5,204.0,93.0,485.0,295.0,180.0,226.5,168.5,289.0
O=C(O)c1ccc(C(=O)N2CCNC[C@@H]2c2ccccc2)o1,decoy,132.0,134.5,130.5,124.5,411.0,270.0,196.0,47.0,200.5,216.5,233.0,308.5
NC(=O)c1cccc(C(=O)N2CCn3nccc3C2)c1,decoy,132.0,94.5,53.0,105.0,83.0,334.0,391.5,107.0,169.0,144.0,239.0,240.0
C[C@H]1CNCCN1C(=O)c1ccc(Cc2nc[nH]n2)cc1,decoy,132.0,180.5,259.5,190.5,295.0,309.0,406.5,360.0,473.0,169.5,179.0,297.0
NC(=O)c1ccc(/C=C/C(=O)N2[C@H]3CCNC[C@H]2CC3)o1,decoy,132.0,94.5,113.0,116.5,20.0,280.0,164.0,158.0,252.5,47.0,198.0,34.0
COc1ccc2c(c1)CCN(C(=O)c1ccc(C(N)=O)[nH]1)C2,decoy,132.0,180.5,79.5,128.0,415.0,413.0,340.0,307.0,239.5,101.0,95.0,195.0
O=C(c1ncc[nH]c1=O)N1CCC(C2CCNCC2)CC1,decoy,126.0,157.5,15.5,116.5,186.0,361.0,415.0,375.0,397.5,127.5,211.0,64.0
O=C(O)c1cc(S(=O)(=O)N2CCCNCC2)cs1,decoy,126.0,157.5,461.0,459.0,210.0,380.0,43.0,376.5,450.0,467.0,298.0,345.0
NC[C@H]1Cc2ccccc2N(C(=O)[C@@H]2CCC(=O)N2)C1,decoy,126.0,296.5,9.0,81.5,110.0,161.0,461.5,212.0,332.0,336.0,271.0,101.5
NS(=O)(=O)c1cccc(-c2ccc3c(c2)CCNC3)n1,decoy,466.0,8.0,427.5,314.5,209.0,105.0,334.0,4.0,279.5,41.0,8.0,144.0
O=C(c1c[nH]nc1-c1ccncc1)N1C[C@@H]2CCNC[C@@H]2C1,decoy,123.0,166.0,29.5,60.0,219.0,115.0,207.0,341.5,46.5,203.5,156.0,89.5
O=C(c1ccnc2[nH]c(CC3CC3)nc12)N1CCNCC1,decoy,123.0,82.0,87.0,18.5,253.0,15.0,333.0,5.0,205.5,353.0,38.0,35.0
NS(=O)(=O)C[C@H]1CCCCN1C(=O)c1ccccc1,decoy,123.0,442.0,399.5,424.5,363.0,452.0,120.0,284.5,194.5,433.5,480.0,443.0
C[C@@H]1CC[C@H](C(N)=O)CN1C(=O)[C@H]1C[C@H]1C1CCNCC1,decoy,118.5,485.5,53.0,244.5,444.0,485.0,59.5,166.0,252.5,197.0,382.5,176.0
N[C@@H]1CN(C(=O)N2Cc3ccccc3C3(CCC3)C2)C[C@H]1N,decoy,118.5,485.5,58.5,187.5,73.0,273.0,256.0,478.0,105.5,218.0,354.0,236.0
C[C@@H]1C[C@@H](N(c2cccc(CN)c2)S(C)(=O)=O)CCN1,decoy,118.5,343.0,458.5,472.0,154.0,147.0,33.0,322.5,450.0,490.0,392.0,384.0
C[C@@H]1NC(=O)[C@@H](C)N(C(=O)c2cccc(C(N)=O)c2)[C@H]1C,decoy,118.5,343.0,380.0,473.0,312.0,447.0,342.5,138.0,386.0,419.0,443.0,409.0
NC[C@@H]1Cc2ccccc2N1C(=O)[C@H]1CCCS1(=O)=O,decoy,118.5,432.5,357.0,406.5,171.0,168.0,163.0,185.0,182.0,416.5,425.0,306.0
COC(=O)c1c(C)[nH]c(C(=O)N2CCNCC2)c1C,decoy,118.5,343.0,180.0,204.0,27.0,248.0,354.0,140.5,8.0,139.0,213.0,270.0
NC(=O)c1cccc(C(=O)N2CCc3ncncc3C2)c1,decoy,114.0,88.5,48.0,112.0,96.0,240.0,391.5,99.0,381.5,63.0,183.0,213.0
NC(=O)c1cccc(-c2nccnc2[C@@H]2CCCNC2)c1,decoy,114.0,35.0,136.0,27.0,230.0,53.0,140.5,403.5,413.5,486.0,44.5,29.0
Cc1[nH]ncc1C(=O)N1CCNC[C@H]1c1cccnc1,decoy,114.0,235.0,76.0,81.5,334.0,78.0,456.0,145.0,317.0,477.0,118.5,214.0
NC(=O)[C@H]1C[C@@H]1C(=O)N1CC2(CCNCC2)c2ccccc21,decoy,109.0,288.0,6.0,159.5,222.0,234.0,28.0,386.5,306.5,425.0,255.0,82.0
COc1ccc(C(N)=O)c(O[C@H]2C[C@H]3C[C@H]2CN3)c1,decoy,109.0,148.0,309.5,244.5,220.0,360.0,495.0,497.0,493.0,500.0,197.0,249.0
NC(=O)c1ccc(C(=O)N2c3ccccc3C[C@@H]2CO)o1,decoy,109.0,101.0,373.5,382.0,410.0,370.0,360.0,77.0,37.0,147.5,329.0,368.0
NC(=O)C1CCN(C(=O)[C@H]2Cc3ccccc3CN2)CC1,decoy,109.0,148.0,13.5,71.5,258.0,375.0,117.5,414.0,294.5,310.5,254.0,72.5
CNC(=O)[C@@H]1Cc2ccccc2CN1C(=O)c1cc[nH]n1,decoy,109.0,288.0,285.5,263.5,195.0,214.0,394.0,417.0,386.0,464.5,385.0,332.0
O=C1Nc2ccccc2S(=O)(=O)N1C[C@H]1CCNC1,decoy,109.0,288.0,318.5,375.0,54.0,211.0,205.0,341.5,29.0,387.0,215.0,128.0
NCc1ccccc1C(=O)N1CC(O)([C@@H]2CCCCN2)C1,decoy,109.0,376.5,79.5,210.0,62.0,102.0,18.0,336.0,136.0,198.5,275.0,117.5
NC(=O)c1ccc(C(=O)N2CCOC[C@@H]2[C@H]2CCOC2)cc1,decoy,104.5,222.0,158.5,198.5,292.0,415.0,189.5,459.5,299.0,201.5,388.0,343.0
Nc1c(F)cccc1C(=O)N=S1(=O)CCNCC1,decoy,104.5,112.0,344.5,269.0,227.0,73.0,114.0,431.0,223.0,433.5,47.0,11.0
Cc1c(C(=O)N2C[C@H](CN)Cc3ccccc32)nnn1C,decoy,101.5,227.0,375.0,285.0,435.0,71.0,454.0,142.5,19.5,212.0,375.0,377.0
Cc1cc(CN2C(=O)NC3(CCNCC3)C2=O)ccc1C#N,decoy,101.5,172.0,84.0,201.0,6.0,210.0,197.5,268.0,142.0,361.5,102.5,143.0
Cn1nncc1C(=O)N1CCCc2c(C(N)=O)cccc21,decoy,101.5,172.0,239.0,180.0,312.0,278.0,428.0,354.0,125.5,106.5,67.0,69.0
CN1Cc2ccc(Nc3ccc(C(N)=O)cc3O)cc2C1=O,decoy,101.5,172.0,299.0,413.0,304.0,70.0,341.0,134.0,326.5,49.0,138.5,334.0
Cc1cc(C(N)=O)cc(-c2cc(F)c(C(N)=O)c(F)c2)n1,decoy,482.0,7.0,468.0,325.0,251.0,131.0,311.5,332.5,214.5,60.0,66.0,485.0
O=C(c1ccc2nn[nH]c2c1)N1CCC[C@@H]([C@@H]2CCNC2)C1,decoy,99.0,231.0,130.5,74.5,301.0,229.0,356.0,67.0,37.0,112.5,86.0,88.0
NCc1cc(C(=O)N2CCNCCC23CCOCC3)co1,decoy,93.5,152.0,206.5,65.5,80.0,129.0,225.0,27.0,191.0,321.0,274.0,365.0
N#C[C@@H]1CNCCN1C(=O)c1cccc(-c2cc[nH]n2)c1,decoy,93.5,273.0,87.0,141.5,197.0,136.0,477.0,117.0,145.0,275.5,116.0,191.5
NC(=O)c1cccc(Cn2cc(C3CCNCC3)nn2)c1,decoy,93.5,105.0,170.0,68.5,421.0,287.0,143.0,131.0,336.0,144.0,88.0,5.0
Cc1cccc(C)c1C(=O)N1CCC[C@H](S(N)(=O)=O)C1,decoy,93.5,463.5,407.0,440.5,305.0,460.0,426.0,409.5,211.0,380.0,427.0,308.5
CNC1C[C@@H]2CC[C@H](C1)N2C(=O)c1cnccc1C(N)=O,decoy,93.5,71.0,53.0,244.5,24.0,197.0,4.0,111.0,434.5,460.0,344.0,210.0
CC(=O)c1cccc(C(=O)N2NC(=O)C[C@]23CCNC3)c1,decoy,93.5,276.5,229.0,210.0,113.0,308.0,224.0,144.0,205.5,331.0,186.0,153.5
C[C@@H]1CN(C(=O)/C=C\c2ccc(C(N)=O)cc2)CCN1,decoy,93.5,98.5,107.5,257.5,35.0,311.0,5.0,61.0,218.0,315.0,296.0,293.5
CC(C)[C@@H]1CNCCN1C(=O)c1cccc(-c2nc[nH]n2)c1,decoy,93.5,193.0,206.5,151.0,283.0,201.0,409.5,376.5,252.5,356.5,237.0,292.0
NC(=O)[C@@H]1CCCN1S(=O)(=O)C1Cc2ccccc2C1,decoy,93.5,378.5,418.5,424.5,370.0,463.0,100.5,420.0,87.0,116.5,379.5,218.0
COc1cccc2c1CN(C(=O)c1cc(C(N)=O)c[nH]1)CC2,decoy,93.5,152.0,91.5,85.0,389.0,385.0,351.5,301.0,39.5,4.5,148.0,120.0
Cn1cc(C(=O)N2Cc3ccccc3[C@@H](C(=O)O)C2)cn1,decoy,86.5,326.5,358.5,360.5,475.0,421.0,404.0,136.5,42.5,80.0,451.0,425.5
NCC[C@H]1Cc2ccccc2N(C(=O)[C@H]2C[C@H]2C(=O)O)C1,decoy,86.5,168.5,87.0,308.0,384.0,376.0,107.0,204.0,299.0,403.0,490.0,474.0
Cc1ccc2c(c1)CCN(C(=O)c1c[nH]c(C(N)=O)c1)C2,decoy,86.5,115.0,64.5,41.5,309.0,431.0,417.5,440.0,294.5,52.0,73.0,224.0
Cc1cc(C(=O)N2C[C@@H]3CCNC[C@@H]3C2)oc1C(=O)O,decoy,86.5,83.5,69.0,151.0,153.0,384.0,215.0,7.0,7.0,92.0,281.0,337.0
COC(=O)c1ccccc1S(=O)(=O)N1CCNC[C@H]1C,decoy,83.0,413.5,464.0,474.5,33.0,280.0,358.5,265.0,115.0,447.0,334.0,247.0
N#CCc1ccccc1C(=O)N1CC2(C[C@H]2C(N)=O)C1,decoy,83.0,413.5,318.5,430.0,247.0,445.0,9.0,485.0,117.5,74.0,371.0,311.0
NS(=O)(=O)c1cccc2c1CCN(C(=O)C1CC1)C2,decoy,83.0,413.5,390.0,432.0,420.0,488.0,235.5,472.0,79.0,103.0,243.0,23.0
NC[C@@H]1CCCN1C(=O)c1cc(F)cc2[nH]c(S)nc12,decoy,474.5,6.0,338.0,91.5,225.0,1.0,39.0,3.0,158.0,387.0,1.0,233.0
C[C@@H]1[C@@H](N)CCCN1c1ncccc1C(=O)N1CCNCC1,decoy,80.5,189.0,101.0,97.5,332.0,30.0,412.0,380.5,485.5,472.0,128.0,24.0
Cc1ccc(-c2nn[nH]n2)cc1C(=O)N1CCNC[C@@H]1C,decoy,80.5,267.5,213.5,156.0,380.0,253.0,467.0,447.0,381.5,325.0,64.0,159.0
NC(=O)c1csc(C(=O)N2CCNC3(CC3)C2)c1,decoy,77.0,54.0,87.0,234.5,57.0,267.0,72.0,421.0,273.0,245.0,167.0,275.0
NC(=O)c1ccccc1C(=O)N1CCC2(CC1)C[C@H]2CCO,decoy,77.0,267.5,113.0,281.0,344.0,470.0,30.0,73.0,326.5,189.0,313.5,187.0
NC[C@@]12CCC[C@H]1CN(C(=O)c1ccc(C(N)=O)cc1)C2,decoy,77.0,138.0,68.0,271.5,17.0,319.0,79.5,430.0,317.0,405.0,414.5,312.0
O=C(/C=C/c1ccccc1[N+](=O)[O-])N1CCNCC1,decoy,77.0,445.5,259.5,393.0,19.0,258.0,125.0,482.0,98.5,15.0,253.0,153.5
NC(=O)c1cccc(CN2C(=O)c3ccc(F)cc3C2=O)c1,decoy,77.0,42.5,318.5,366.5,359.0,408.0,65.5,392.0,205.5,264.0,51.0,266.0
Cn1cc(C(=O)N2C[C@H](C(N)=O)Cc3ccccc32)cn1,decoy,71.0,316.5,323.5,333.0,244.0,185.0,369.5,140.5,232.5,267.5,373.5,346.5
NC(=O)c1ccc(C(=O)N2CCC3(CCNC3)CC2)cn1,decoy,71.0,51.0,34.5,41.5,55.0,193.0,175.0,161.0,407.0,318.0,193.0,205.0
O=C(O)c1ccc(C(=O)N2CCNC[C@@H]2C(F)F)cn1,decoy,71.0,112.0,190.0,81.5,399.0,327.0,38.0,60.0,98.5,156.5,363.0,431.0
CC(=O)c1ccc2c(c1)CN(C(=O)[C@]1(N)CCNC1)CC2,decoy,71.0,316.5,24.0,48.5,141.0,339.0,126.0,38.0,245.5,158.5,144.0,131.0
CC(=O)c1cccc(C(=O)N2CCCNC[C@H]2C(=O)O)c1,decoy,71.0,316.5,285.5,299.0,343.0,348.0,149.5,218.5,149.5,287.5,370.0,324.0
O=C(c1ccccc1[N+](=O)[O-])N1CCC[C@H]2CNCC[C@@H]21,decoy,71.0,469.5,176.0,341.5,2.0,254.0,427.0,419.0,200.5,343.5,202.0,32.0
CCc1ccccc1C(=O)N1Cc2[nH]nc(C(N)=O)c2C1,decoy,71.0,112.0,239.0,225.5,133.0,252.0,355.0,278.5,136.0,136.5,134.5,133.5
CCc1ccccc1C(=O)N1CC[C@H](CS(N)(=O)=O)C1,decoy,66.5,404.0,390.0,432.0,285.0,460.0,233.0,76.0,279.5,97.0,456.0,397.0
NCCc1ccc(C(=O)N2CCCC[C@H]2C(N)=O)cc1,decoy,66.5,164.0,94.0,256.0,192.0,397.0,79.5,171.0,228.0,110.0,463.5,425.5
COC(=O)c1cccc2c1CCN(C(=O)c1cn[nH]c1)C2,decoy,65.0,430.5,219.5,249.5,131.0,362.0,217.0,238.0,89.0,30.5,227.5,96.5
Cc1cc([N+](=O)[O-])ccc1C(=O)N1CCNC[C@H]1C,decoy,62.0,440.0,331.0,411.0,35.0,311.0,442.5,253.0,223.0,291.0,158.0,203.5
CC1(Nc2nc(Cl)ccc2C(N)=O)CCNCC1,decoy,62.0,40.5,350.0,74.5,351.0,195.0,183.5,367.0,326.5,445.0,29.0,30.0
Cc1nc(C(=O)N2CCC(C3CCNCC3)CC2)n[nH]1,decoy,62.0,361.5,190.0,50.5,307.0,412.0,294.0,109.0,158.0,85.0,195.0,122.0
O=S(=O)(c1ccccc1-c1ccno1)N1CCNCC1,decoy,62.0,253.0,426.0,350.0,189.0,188.0,194.0,324.0,477.5,488.5,165.0,194.0
C[C@H]1CN(C(=O)c2ccc(NC(N)=O)cc2)CCN1,decoy,62.0,253.0,170.0,281.0,116.0,236.0,449.0,445.0,340.0,249.5,376.0,367.0
C[C@@H]1CC[C@@H](C)N1C(=O)c1ccc(CS(N)(=O)=O)cc1,decoy,59.0,367.5,481.0,489.0,496.0,499.0,399.5,429.0,364.0,241.5,488.0,471.0
NCc1ocnc1C(=O)N1CCC[C@@H](C2CCNCC2)C1,decoy,57.5,165.0,41.5,6.0,185.0,323.0,351.5,411.0,438.5,119.0,316.0,181.5
C[C@H]1NCCN(C(=O)c2ccc(C(N)=O)c(Cl)n2)[C@@H]1C,decoy,57.5,36.5,232.0,133.0,132.0,99.0,186.0,17.0,294.5,367.5,177.0,211.0
CC(C)C1CN(C(=O)c2cccc(CS(N)(=O)=O)c2)C1,decoy,56.0,395.0,489.0,491.0,373.0,477.0,262.0,488.0,245.5,349.5,494.0,484.0
NC(=O)c1ccccc1C(=O)N1CCc2nccn2CC1,decoy,53.0,180.5,74.0,87.0,48.0,221.0,27.0,321.0,81.0,270.0,69.0,75.0
NCc1cc(-c2ccc(C(=O)N3CCNCC3)cc2)ncn1,decoy,53.0,94.5,82.5,56.5,257.0,65.0,463.0,450.0,484.0,301.0,159.0,162.0
Cn1ccnc1[C@H]1CNCCN1C(=O)c1cccc(N)c1,decoy,53.0,350.0,41.5,45.5,270.0,37.0,395.0,163.0,345.0,452.5,178.0,196.5
N[C@@H]1CCC[C@H](Nc2ncccc2C(=O)N2CCNCC2)C1,decoy,53.0,350.0,87.0,89.0,316.0,48.0,349.5,344.0,401.5,438.5,188.0,42.0
NC(=O)c1cccc(-c2nc(C3CCNCC3)no2)c1,decoy,53.0,55.5,299.0,1.0,399.0,174.0,140.5,35.0,287.0,61.5,30.0,3.0
Cc1ccc(N)cc1S(=O)(=O)N1C[C@H]2CCNC[C@H]21,decoy,49.0,354.0,371.0,422.0,88.0,127.0,95.0,242.0,354.0,450.0,270.0,179.0
NC(=O)c1ccccc1C(=O)N1CCC[C@@H](F)C(=O)C1,decoy,49.0,240.0,273.0,257.5,241.0,428.0,1.0,198.0,86.0,401.5,94.0,15.0
O=C1CCc2cccc(C(=O)N3CC[C@H]3C(=O)O)c21,decoy,49.0,438.0,372.0,439.0,484.0,482.0,15.0,338.0,16.0,158.5,244.0,22.0
CC(=O)Oc1cccc(C(=O)N2CCNC[C@H]2C#N)c1C,decoy,45.5,460.0,101.0,308.0,93.0,124.0,403.0,259.5,430.5,393.0,300.0,136.0
NC[C@@H]1Cc2ccccc2CN1C(=O)c1ccc(O)nn1,decoy,45.5,296.5,219.5,249.5,403.0,68.0,380.0,148.5,430.5,336.0,343.0,329.0
CCc1c(C(=O)N2CC[C@@H]3CNC[C@@H]32)[nH]c(C)c1C(N)=O,decoy,45.5,74.0,130.5,166.0,25.0,187.0,447.5,33.5,3.0,53.5,235.0,316.0
C[C@@H]1CCN(C(=O)c2cccc3c2CNC3=O)C[C@@H]1N,decoy,45.5,460.0,2.0,166.0,43.0,258.0,237.5,220.5,12.0,215.0,104.0,16.0
CC[C@@H]1CCN1S(=O)(=O)c1cccc(C(N)=O)c1,decoy,43.0,238.0,486.5,493.0,434.0,487.0,389.0,129.0,410.5,254.0,447.0,399.5
N#C[C@H]1CNCCN1C(=O)c1cccc2cc(O)ccc12,decoy,41.5,478.0,34.5,159.5,80.0,85.0,127.0,176.5,268.0,343.5,56.0,45.0
NC(=O)c1cc(C(=O)N2CCC[C@@H]([C@@H]3CCCNC3)C2)c[nH]1,decoy,41.5,88.5,22.0,33.0,49.0,321.0,208.5,245.5,69.0,70.5,150.0,183.0
N#CCc1ccccc1C(=O)N1CCN[C@@H](c2cn[nH]c2)C1,decoy,40.0,282.5,101.0,146.5,255.0,243.0,202.0,378.5,163.0,150.0,149.0,220.0
CNC(=O)c1cccc(C(=O)N2CCC[C@H]2CN)c1,decoy,38.5,343.0,158.5,336.5,58.0,349.0,35.0,55.0,360.5,293.5,476.0,434.0
Cc1cc(C(=O)O)cc(S(=O)(=O)N2CCNCC2)c1C,decoy,38.5,232.5,439.0,449.5,200.0,373.0,358.5,406.0,487.0,484.0,266.0,373.0
NC(=O)C1CCN(C(=O)c2cccc3c2CCNC3)CC1,decoy,36.5,46.0,4.0,133.0,106.0,329.0,63.5,43.0,178.0,297.5,18.0,2.0
COC(=O)c1cccc(S(=O)(=O)N2CCCNCC2)c1,decoy,36.5,454.0,479.0,479.0,38.0,297.0,201.0,397.0,447.0,410.5,323.0,141.0
O=C(c1ccc(-c2ccco2)[nH]c1=O)N1CCNCC1,decoy,35.0,116.5,24.0,30.5,102.0,97.0,478.0,25.0,291.5,177.5,17.0,9.0
NC(=O)c1ccnc(Cl)c1-n1cnc2c1CNCC2,decoy,474.5,4.0,24.0,2.0,447.0,149.0,151.0,422.0,252.5,455.5,5.0,68.0
O=C(O)c1ccc(-c2ncc3c(n2)CNCC3)cn1,decoy,493.0,4.0,306.5,16.0,490.0,269.0,152.0,53.0,390.0,27.0,24.5,352.0
Cc1c(C(=O)O)cccc1-c1ncnc2c1CCNC2,decoy,488.0,4.0,247.5,56.5,469.0,316.0,372.0,415.0,23.0,426.0,15.0,126.0
NC(=O)c1ccc(Cc2noc(C[C@@H]3CCNC3)n2)cc1,decoy,33.5,60.5,396.5,18.5,426.0,317.0,161.0,114.0,232.5,371.0,57.0,103.0
NC(=O)[C@H]1Cc2ccccc2N(C(=O)[C@H]2CCCCNC2)C1,decoy,33.5,193.0,11.5,105.0,143.0,186.0,178.0,337.0,105.5,221.5,207.0,51.0
COC(=O)[C@H]1CN(C(=O)c2ccccc2C(N)=O)C[C@@H]1C,decoy,32.0,222.0,401.5,458.0,229.0,430.0,29.0,226.0,440.0,371.0,399.0,331.0
CC1(C)CN(C(=O)c2ccc3c(c2)C(=O)NC3=O)CCN1,decoy,30.0,276.5,46.0,252.5,59.0,297.0,48.0,65.0,112.5,173.0,109.0,259.0
C[C@@H]1Cc2ccccc2N1C(=O)c1c[nH]c(C(N)=O)c1,decoy,30.0,141.0,353.0,336.5,398.0,390.0,417.5,366.0,9.5,127.5,260.0,221.0
NC(=O)c1cccc2cccc(C(=O)N3C[C@H](N)[C@H](F)C3)c12,decoy,30.0,191.0,96.0,105.0,47.0,177.0,3.0,178.5,299.0,461.0,101.0,58.0
O=C(c1ccc(O)c([N+](=O)[O-])c1)N1CCCNCC1,decoy,27.0,326.5,334.5,404.0,67.0,203.0,273.0,469.0,216.5,431.0,162.5,117.5
NC(=O)c1c[nH]c(C(=O)N2CCCC3(CCNCC3)C2)c1,decoy,27.0,65.0,34.5,41.5,51.0,336.0,211.0,83.5,46.5,85.0,127.0,200.0
N#C[C@@H]1CNCCN1C(=O)[C@@H]1CCc2ccccc2[C@@H]1O,decoy,27.0,400.0,29.5,146.5,63.0,165.0,106.0,178.5,149.5,234.0,217.0,110.0
C[C@@H]1CN(C(=O)c2cc(F)cc3[nH]cnc23)C[C@H]1C(=O)O,decoy,483.0,2.0,385.0,225.5,464.0,295.0,197.5,12.0,393.5,281.0,21.0,407.0
CN(C)C(=O)[C@@]12C[C@H]1CCN2C(=O)c1ccccc1C(N)=O,decoy,24.0,212.5,243.5,345.0,260.0,431.0,498.0,493.0,501.0,494.0,299.0,184.0
C[C@H]1CC[C@H](CO)CN1C(=O)c1ccccc1C(N)=O,decoy,24.0,329.5,225.0,360.5,207.0,434.0,19.0,192.5,219.5,307.0,365.0,170.5
CC(C)[C@@H]1CNCCN1C(=O)c1ccc(C(N)=O)s1,decoy,24.0,76.0,113.0,281.0,53.0,236.0,244.0,90.0,66.0,212.0,313.5,276.0
NC(=O)[C@@H]1Cc2ccccc2CN1C(=O)c1ccc(C=O)[nH]1,decoy,21.5,267.5,146.5,193.0,323.0,406.0,263.0,280.0,191.0,226.5,224.5,169.0
NC(=O)c1nccnc1C(=O)N1CCc2ccccc2C1,decoy,21.5,69.0,60.5,71.5,158.0,191.0,274.0,395.0,169.0,291.0,210.0,177.0
C[C@@H]1CC[C@H](C(N)=O)CN1C(=O)c1ccc2c(n1)CNCC2,decoy,468.0,1.0,29.5,60.0,136.0,171.0,430.0,287.0,155.5,177.5,39.0,72.5
O=C(c1ccc(-c2ccccn2)nc1O)N1CCNCC1,decoy,17.5,80.0,43.5,133.0,276.0,8.0,371.0,29.0,381.5,259.5,58.0,54.0
O=C(c1cccnc1-c1ncc[nH]1)N1CCNCC1,decoy,17.5,51.0,39.5,12.5,224.0,45.0,156.0,126.0,470.5,476.0,62.0,59.0
N#Cc1cccc(C(=O)N2CCNCC(F)(F)C2)c1O,decoy,17.5,316.5,259.5,190.5,75.0,91.0,97.0,437.0,191.0,356.5,82.0,66.0
Nc1ncc(-c2cccc(C(=O)N3CCNCC3)c2)cn1,decoy,17.5,316.5,96.0,105.0,281.0,79.0,304.0,439.0,477.5,221.5,140.0,81.0
Cc1ccc(C(=O)N2C[C@@H]3CCNC[C@@H]3C2)cc1[N+](=O)[O-],decoy,17.5,209.5,121.5,326.5,7.0,274.0,414.0,456.5,211.0,287.5,257.0,140.0
C[C@H]1CC2(CCNCC2)CN1C(=O)c1coc(C(N)=O)c1,decoy,17.5,80.0,166.5,190.5,40.0,321.0,31.0,40.0,92.5,136.5,190.0,180.0
NCCc1ccn(-c2ccc(C(=O)N3CCNCC3)cc2)n1,decoy,13.5,260.5,64.5,116.5,317.0,96.0,476.0,18.0,491.0,359.5,226.0,209.0
C[C@]1(F)CNCCN(C(=O)c2cccc(NC(N)=O)c2)C1,decoy,13.5,260.5,326.0,252.5,97.0,153.0,365.0,361.0,277.0,130.0,204.5,189.0
NC(=O)c1cccc(CN2C(=O)[C@H]3CC[C@H]3C2=O)c1,decoy,12.0,118.5,255.0,452.0,442.0,489.0,65.5,229.5,458.0,371.0,295.0,129.5
CC[C@H]1CN(C(=O)c2cccc(C(N)=O)c2)CC[C@@H]1N,decoy,8.0,253.0,107.5,363.0,12.0,306.0,22.0,326.5,262.0,249.5,441.0,370.0
CCN[C@H]1CCN(C(=O)c2ccc(C(N)=O)cc2)[C@@H](C)C1,decoy,8.0,128.5,158.5,382.0,16.0,289.0,84.0,201.5,470.5,421.5,483.0,457.0
C[C@]1(C(=O)O)CCN(C(=O)c2ccccc2CCN)C1,decoy,8.0,128.5,250.0,368.0,331.0,403.0,25.0,380.5,415.5,367.5,462.0,458.0
NC(=O)c1cccc(C(=O)N2CCOC[C@]23CCOC3)c1,decoy,8.0,361.5,243.5,234.5,265.0,433.0,183.5,385.0,236.5,413.5,308.5,303.5
Cc1c[nH]c(CC(N)=O)c1C(=O)N1Cc2ccccc2C1,decoy,8.0,253.0,158.5,198.5,300.0,424.0,425.0,441.0,163.0,305.0,303.0,273.0
O=C(c1ccc(C(F)(F)F)cc1[N+](=O)[O-])N1CCNCC1,decoy,8.0,361.5,315.5,308.0,43.0,258.0,325.0,416.0,404.0,475.0,96.0,99.0
Cc1nscc1C(=O)N1Cc2ccccc2C[C@H]1C(N)=O,decoy,8.0,128.5,303.5,273.0,125.0,231.0,397.0,349.0,268.0,450.0,293.0,190.0
Nc1ccc(C(=O)N2[C@H]3CCNC[C@H]2CC3)c(O)c1,decoy,3.0,466.0,34.5,181.5,125.0,91.0,81.5,205.5,420.0,427.0,111.0,12.0
C[C@@H]1NCC[C@@H]1C(=O)N1CCc2ccccc2[C@H]1C(N)=O,decoy,3.0,203.0,20.0,81.5,13.0,211.0,16.0,256.0,73.0,406.5,252.0,114.0
NC(=O)c1ccccc1C(=O)N1CCc2ncccc2C1,decoy,3.0,58.5,21.0,163.0,29.0,161.0,220.5,320.0,176.0,315.0,55.0,27.5
C[C@H]1CNCCN1C(=O)c1cccc2nc(O)[nH]c12,decoy,1.0,94.5,121.5,143.5,125.0,26.0,375.0,68.5,142.0,341.0,13.0,19.0
